,o,h,l,c,v,sma9,sma20,sma50,sma200,lower,upper,atr
<<<<<<< HEAD
0,25.98,26.69,25.59,26.03,73201,,,,,,,1.1000000000000014
1,25.41,26.82,25.083,25.28,73066,,,,,,,1.1455000000000013
2,24.65,25.08,23.68,24.65,173737,,,,,,,1.177964285714287
3,24.89,25.12,23.89,25.03,39931,,,,,,,1.1816811224489807
4,24.89,25.48,23.6021,24.13,69154,,,,,,,1.2314110422740536
5,24.61,24.61,23.7,24.15,56466,,,,,,,1.2084531106830498
6,23.59,23.59,22.15,22.83,91703,,,,,,,1.264992174205689
7,22.53,22.56,20.34,21.93,265577,,,,,,,1.3524927331909968
8,19.99,20.41,19.409,19.409,151758,23.72,,,,,,1.4359575379630687
9,20.45,20.45,18.96,19.69,88802,23.01,,,,,,1.4398177138228494
10,18.97,19.27,18.075,18.31,120067,22.24,,,,,,1.4523307342640746
11,17.0,17.13,15.19,15.24,105596,21.19,,,,,,1.5714499675309264
12,16.43,16.43,13.74,14.25,193422,19.99,,,,,,1.6513463984215746
13,12.69,13.26,10.59,10.68,161353,18.5,,,,,,1.7948216556771763
14,11.0,11.99,10.16,11.83,141574,17.13,,,,,,1.797334394557378
15,11.08,12.3,10.13,12.23,136020,15.95,,,,,,1.8239533663747083
16,12.16,15.66,12.0301,15.66,171277,15.26,,,,,,1.9529495544908007
17,15.68,15.79,13.3701,13.81,238446,14.63,,,,,,1.9863031577414578
18,13.82,13.82,12.44,12.71,87729,13.86,,,,,,1.9429957893313536
19,13.72,14.4,13.26,13.53,92793,13.33,18.57,,,6.738753120453021,29.871413746859474,1.9249246615219713
20,13.62,15.18,13.5,14.23,88111,13.21,17.98,,,6.62458619520716,28.89400651432554,1.9074300428418305
21,14.6,15.485,14.09,15.16,93187,13.32,17.47,,,6.684598595615286,27.71498035496026,1.8708278969245569
22,14.53,15.18,14.11,14.57,70168,13.75,16.97,,,6.731011152928829,26.76661681930576,1.8136259042870886
23,14.68,14.695,13.28,13.45,97736,13.93,16.39,,,6.868624677151528,25.666065387241588,1.7851526254094396
24,13.51,14.33,13.01,14.04,182966,14.13,15.89,,,7.131529434491994,24.272977649569924,1.7519274378801941
25,13.6,14.48,13.28,14.22,96411,13.97,15.39,,,7.699499385750524,22.860333331209603,1.7125040494601804
26,14.09,14.84,13.9,14.63,82335,14.06,14.98,,,8.291717991649545,21.477600216185916,1.6573251887844533
27,14.55,14.725,13.78,14.61,67246,14.27,14.61,,,8.742686717637952,20.133439677296707,1.6064448181569926
28,15.67,15.67,14.28,14.57,112664,14.39,14.37,,,9.21001425782272,19.2824823078884,1.590984474002922
29,15.25,16.18,13.42,13.66,93235,14.32,14.07,,,9.753189958094735,18.286027175738393,1.6744855830027132
30,14.85,15.03,14.09,14.21,111423,14.22,13.86,,,10.328549329944913,17.393320088112674,1.6527366127882337
31,14.69,15.52,14.505,15.39,114173,14.31,13.87,,,10.38925644829125,17.101000406159645,1.6282554261605027
32,15.48,15.48,14.76,15.01,65108,14.48,13.91,,,10.346903915784965,16.946464691069274,1.5633800385776095
33,15.51,15.945,15.03,15.28,75964,14.62,14.14,,,10.708371085891054,17.038695460859028,1.5184957501077803
34,14.64,14.64,13.87,14.32,90333,14.63,14.26,,,11.352279182433293,16.724301819096024,1.5107460536715103
35,14.19,14.62,12.78,13.05,86732,14.46,14.31,,,12.129778522768488,16.331340661218256,1.5342641926949738
36,13.64,16.03,13.45,14.7,106264,14.47,14.26,,,12.398875195567488,16.395947041948997,1.6375310360739044
37,14.32,14.45,13.55,13.73,88947,14.37,14.25,,,12.415246952699807,16.317669912823757,1.602707390640054
38,13.23,14.17,13.23,14.0,67332,14.41,14.32,,,12.575650257797442,16.273437948334948,1.5553711484514787
39,14.16,14.51,12.775,13.425,80563,14.32,14.31,,,12.490064384952053,16.267499243924018,1.5682017807049446
40,13.6,14.31,13.55,14.13,80640,14.18,14.31,,,12.494348336059337,16.267327958954056,1.5194016535117343
41,14.11,14.58,13.64,13.94,58489,14.06,14.25,,,12.482510167506165,16.215884522054917,1.478015821118039
42,14.06,14.96,13.84,14.81,85516,14.01,14.26,,,12.481403000124624,16.20093078214638,1.4524432624667505
43,15.41,15.94,14.98,15.77,73769,14.17,14.37,,,12.45781722881074,16.33056187077684,1.4294116008619826
44,16.47,16.88,15.5,15.79,218999,14.48,14.46,,,12.430461238061014,16.656437323157604,1.4258822008004124
45,15.66,16.975,14.93,16.49,89402,14.68,14.58,,,12.47741986094614,16.951629560584234,1.47010490074324
46,15.95,16.08,15.0,15.17,85731,14.84,14.6,,,12.468155237472997,17.03775191612221,1.47152597926158
47,14.66,15.4,14.66,15.27,56779,14.98,14.64,,,12.494662083010482,17.047202820005637,1.4192741236000388
48,15.9,16.76,15.3,15.58,82504,15.22,14.69,,,12.457678228443003,17.21018655698666,1.424325971914322
49,16.03,16.82,14.93,15.07,91884,15.32,14.76,16.19,,12.534263174547497,17.320461703820584,1.4575884024918704
50,16.38,19.14,16.22,18.24,183360,15.8,14.96,16.04,,12.420061818933743,18.134948157511218,1.6441892308853083
51,18.2839,18.76,17.87,18.67,55441,16.23,15.12,15.91,,12.013639939399463,18.656356401665985,1.590318571536358
52,18.14,18.14,16.77,17.3,62680,16.4,15.24,15.76,,11.913779703621042,18.96585913227364,1.6124386735694753
53,17.26,17.6936,16.16,16.2,59889,16.44,15.28,15.58,,11.885257423632343,19.15195747569585,1.6068073397430844
54,15.94,16.4887,15.28,16.0,77351,16.39,15.37,15.42,,11.967645962353565,19.177987137340047,1.5783711011900072
55,15.4566,15.79,14.61,15.18,61455,16.39,15.47,15.24,,12.213411241104657,19.15778349044472,1.5649160225335783
56,15.07,15.75,15.06,15.58,51427,16.42,15.52,15.09,,12.373043511245104,19.14968176859916,1.5024220209240369
57,16.66,18.08,16.42,17.96,110896,16.69,15.73,15.02,,12.511632519855237,19.32973653248077,1.573677590858034
58,17.65,17.705,16.55,16.57,53673,16.86,15.86,14.96,,12.741919523695756,19.375155844761,1.5619863343681746
59,16.96,17.705,16.93,17.59,46572,16.78,16.07,14.92,,13.116613627704336,19.411176144223703,1.5314873104847335
60,17.55,17.97,17.11,17.68,58365,16.67,16.24,14.9,,13.350523978370198,19.403037024914887,1.4835239311643955
61,17.77,17.77,17.36,17.54,39988,16.7,16.42,14.95,,13.600800563806075,19.343872485073483,1.4068436503669388
62,18.25,18.73,17.83,18.48,58974,16.95,16.61,15.03,,13.81533045395557,19.430323840979405,1.3913548181978719
63,19.17,19.74,18.76,19.6,60817,17.35,16.8,15.21,,13.726490536704937,19.800510865473367,1.381972331183738
64,20.01,20.01,18.35,18.46,50964,17.72,16.93,15.35,,13.704299689456104,20.20622981620739,1.4018314503848996
65,18.13,18.89,17.75,18.79,63431,18.07,17.05,15.48,,13.853416245072157,20.34895198200816,1.3831292039288354
66,18.85,19.04,18.51,18.6,46412,18.15,17.22,15.54,,13.96660362973579,20.453521793728363,1.322191403648204
67,18.94,19.7,18.64,19.44,66917,18.46,17.43,15.65,,14.188106852271012,20.535760016068643,1.3063205891019039
68,19.91,20.34,19.69,19.97,50527,18.73,17.65,15.79,,14.216280914523502,20.840080372941106,1.2772976898803394
69,19.73,20.2,19.39,19.92,54691,18.98,17.89,15.92,,14.436455894745777,21.065993622461395,1.2439192834603152
70,20.75,22.68,20.625,21.86,71619,19.46,18.07,16.07,,14.331160843165817,21.85140478022096,1.3522107632131497
71,22.51,22.82,21.77,21.85,66144,19.83,18.23,16.21,,13.988703921800408,22.56728248882359,1.3306242801264963
72,21.35,21.72,20.75,21.46,34381,20.04,18.44,16.35,,13.97099930736847,22.954196498392086,1.3141511172603182
73,21.35,21.35,20.05,20.28,43531,20.24,18.64,16.48,,14.138235065893072,23.229794228122405,1.3209974660274384
74,19.35,19.65,18.22,18.31,82085,20.19,18.76,16.57,,14.511275508481102,23.199799328570492,1.373783361311193
75,19.33,19.69,18.74,18.94,12635,20.23,18.94,16.66,,15.126565294018862,23.034656532044654,1.3742274069318223
76,18.2,18.44,15.84,18.3101,301907,20.1,19.08,16.74,,15.318175963664325,22.755195612692674,1.4974968778652638
77,19.06,19.27,17.16,17.38,198645,19.81,19.05,16.79,,15.440146182919051,22.73672666752925,1.5412471008748876
78,17.5,17.73,17.1,17.39,99249,19.53,19.09,16.85,,15.532254020043592,22.734620040207083,1.476158022240967
79,17.15,17.68,16.91,16.97,83539,18.99,19.06,16.91,,15.528995039055433,22.736769586563014,1.4257181635094693
80,17.14,17.2,16.15,16.47,186339,18.39,19.0,16.96,,15.357263684661877,22.805669592561657,1.3988811518302215
81,16.25,16.47,15.81,15.98,100268,17.78,18.92,16.97,,15.091478941772,22.947807522603295,1.3461039266994912
82,16.37,16.92,16.11,16.71,61392,17.38,18.83,17.0,,14.856869351143276,23.043505587443146,1.3170965033638133
83,16.41,16.41,15.945,16.08,56101,17.14,18.66,17.02,,14.566317412852522,23.127434427135558,1.277661038837827
84,15.96,16.54,15.69,16.52,43540,16.87,18.56,17.06,,14.268128668590153,23.131391331011923,1.2471138217779822
85,16.25,16.53,15.58,15.87,46957,16.6,18.42,17.12,,14.002726468566774,23.180072230238643,1.2258914059366979
86,16.23,17.16,15.89,16.88,31706,16.54,18.33,17.16,,13.779025269515348,23.1682038540905,1.230470591226934
87,16.66,16.88,16.33,16.66,50708,16.46,18.19,17.22,,13.632194832691372,23.105463689660333,1.181865548996439
88,16.87,16.92,16.42,16.49,29106,16.41,18.02,17.27,,13.545689594286218,22.945861458788258,1.1331608669252649
89,16.93,16.93,16.31,16.42,22839,16.4,17.84,17.33,,13.45792557384327,22.776995811667536,1.096506519287746
90,16.83,17.11,16.61,16.8,30352,16.49,17.59,17.39,,13.560135405269772,22.045346939875984,1.0674703393386211
91,16.55,16.85,16.26,16.26,27212,16.44,17.31,17.43,,13.991339250658228,21.105552167192723,1.033365315100148
92,16.19,16.58,15.83,16.18,27309,16.45,17.05,17.46,,14.350634016401182,20.337584920752768,1.0131249354501375
93,16.01,16.09,15.51,15.62,29251,16.35,16.81,17.46,,14.719164748412261,19.514057674212626,0.9886160114894134
94,15.56,16.45,15.56,16.38,28082,16.41,16.72,17.47,,14.772707964800688,19.096378313227792,0.9815720106687409
95,16.66,16.95,16.234,16.54,25477,16.37,16.6,17.47,,15.180692076144823,18.553814491617036,0.9626025813352592
96,16.55,16.99,16.46,16.98,28376,16.41,16.53,17.51,,15.215415133545942,18.33213773632609,0.9317023969541691
97,17.0,18.23,17.0,18.05,57684,16.58,16.56,17.56,,15.238582927686585,17.948362948225068,0.9544379400288714
98,18.03,18.05,17.21,17.36,30406,16.69,16.56,17.6,,15.220725614667131,18.025499932899073,0.9462638014553806
99,17.31,17.71,17.08,17.22,22116,16.73,16.57,17.64,,15.200158150738837,18.031367052149864,0.9236735299228536
100,17.06,17.18,16.85,17.09,20414,16.82,16.6,17.62,,15.194253161340265,18.029425671150697,0.8841254206426495
101,17.32,17.5,16.79,16.93,37057,16.91,16.65,17.58,,15.235142798139062,18.083278076587632,0.8716878905967461
102,16.63,17.23,16.63,17.0,24654,17.06,16.67,17.58,,15.253489977830185,18.102878320447996,0.8522816126969787
103,16.85,17.79,16.8,17.67,32682,17.2,16.75,17.61,,15.289159752210255,18.185407914769527,0.8621186403614801
104,17.65,17.93,17.58,17.81,99402,17.35,16.81,17.64,,15.298874761147315,18.285488642908145,0.8255387374785174
105,17.92,17.92,17.27,17.77,59679,17.43,16.91,17.69,,15.403371420266788,18.364573368460853,0.813000256230052
106,17.7,17.735,16.8,16.86,64121,17.3,16.9,17.72,,15.484941572893627,18.415434263765896,0.824214523642191
107,16.87,17.68,16.87,17.6,67884,17.33,16.95,17.71,,15.510921580701696,18.456699427654925,0.8239134862391775
108,17.18,17.91,17.09,17.87,70402,17.4,17.02,17.74,,15.527190118583622,18.523771443948608,0.8236339515078077
109,17.62,17.77,16.72,17.22,89988,17.41,17.06,17.73,,15.558037831781764,18.564013707801333,0.846945812114393
110,17.31,17.62,17.16,17.27,44508,17.45,17.08,17.72,,15.56327728946199,18.58673821533537,0.8193068255347936
111,17.21,17.7,17.15,17.61,103852,17.52,17.15,17.72,,15.60818653010416,18.605539910261705,0.8000706237108799
112,17.89,18.07,17.47,18.04,85774,17.56,17.24,17.71,,15.727981430978486,18.634879976258144,0.7857798648743886
113,18.05,18.63,17.83,18.38,108782,17.62,17.38,17.69,,15.938068468357535,18.645545816435106,0.7867955888119322
114,19.11,21.41,18.66,20.01,193256,17.87,17.56,17.72,,16.026214246490554,19.743115260517204,0.9470244753253658
115,19.97,22.91,19.97,21.85,185444,18.43,17.83,17.78,,15.665551254264212,21.0470822168917,1.0893798699449828
116,22.16,22.59,21.425,21.45,144790,18.86,18.05,17.84,,15.1072281630701,21.875148391799577,1.0947813078060555
117,21.88,22.23,21.53,21.7,100620,19.28,18.24,17.88,,14.756398677340865,22.462535060754888,1.0722969286770516
118,22.0,22.31,21.66,21.95,119652,19.81,18.46,17.92,,14.519034852711533,22.99289007633403,1.0421328623429764
119,21.78,21.78,21.36,21.5,69942,20.28,18.68,17.96,,14.445458459204675,23.35058620950163,1.0098376578899066
120,21.66,22.18,21.3,21.41,118438,20.7,18.9,17.95,,14.476483183447318,23.71294061059911,1.000563539469199
121,21.16,21.5,21.05,21.31,46770,21.06,19.11,17.94,,14.596877340125358,23.923578820827,0.9612375723642562
122,21.2,21.95,21.05,21.65,171913,21.43,19.35,17.94,,14.791743753623148,24.143038480771708,0.9568634600525235
123,21.88,21.98,20.905,21.2,74160,21.56,19.52,17.96,,15.015702264826238,24.35243737380805,0.9653017843344861
124,21.53,21.79,21.31,21.59,92832,21.53,19.71,18.02,,15.14234057411699,24.502989605943597,0.9384945140248799
125,21.56,22.1398,21.42,21.47,92016,21.53,19.9,18.07,,15.347222493359448,24.66041455876978,0.9228734773088171
126,21.6,22.08,21.42,21.75,77686,21.54,20.14,18.14,,15.684739122100478,24.748039379119568,0.9040968003581871
127,21.87,22.19,21.71,22.16,92048,21.56,20.37,18.24,,16.056385197115034,24.78823227868171,0.8738041717611739
128,22.08,22.16,21.54,21.82,129582,21.6,20.57,18.33,,16.45448167201952,24.789415663150866,0.8556753023496616
129,21.72,22.55,21.67,22.47,136782,21.71,20.83,18.44,,17.01597287258703,24.74628103316732,0.8574127807532572
130,22.49,22.5,21.9,22.43,115898,21.84,21.09,18.56,,17.553594430721592,24.56257535707454,0.839026153556596
131,22.5,23.635,22.1,22.21,189226,21.9,21.32,18.68,,18.207503296286056,24.407819351340095,0.8887385711596963
132,22.67,23.16,22.15,22.78,148056,22.08,21.55,18.8,,18.918667895649303,24.026430553574322,0.8974001017911468
133,22.64,22.64,21.63,21.63,92122,22.08,21.72,18.91,,19.736005018998558,23.360668938960252,0.915442951663208
134,21.78,21.93,21.12,21.6,144587,22.09,21.8,19.02,,20.463923612261617,23.320866891222803,0.907911312258693
135,21.58,22.025,21.44,21.92,113788,22.11,21.8,19.14,,20.82326590656798,23.242986518659713,0.884846218525929
136,21.97,22.59,21.83,22.1,69000,22.11,21.83,19.24,,20.826598681688665,23.242986518659713,0.8759286314883628
137,22.27,22.46,21.85,22.15,158320,22.14,21.86,19.35,,20.825213289401226,23.258110645359242,0.856933729239194
138,22.49,22.69,22.03,22.185,60509,22.11,21.87,19.46,,20.809287672204178,23.294336907147972,0.8428670342935373
139,22.66,26.3699,22.34,26.17,168608,22.53,22.1,19.66,,20.781428588859473,24.578050231624367,1.081583674701142
140,25.955,26.15,25.2301,25.94,101717,22.94,22.33,19.84,,19.978347526616467,25.32925187493071,1.071463412222489
141,26.12,27.25,25.855,27.24,181482,23.44,22.62,20.06,,19.496331912993977,26.241964541910026,1.0945731684923112
142,26.73,26.73,25.27,26.05,139952,23.93,22.84,20.26,,19.36835131726449,26.837775110082948,1.157103656457146
143,26.38,27.09,26.08,26.67,155984,24.49,23.12,20.48,,19.22682403347067,27.424757415921047,1.1487391095673498
144,26.75,27.52,25.65,25.68,210455,24.91,23.32,20.67,,19.207256615306814,28.00940442998775,1.2002577445982536
145,25.76,26.6,25.06,26.16,86986,25.36,23.56,20.86,,19.294915683907373,28.334816944867946,1.2245250485555215
146,26.05,26.36,25.595,25.72,112497,25.76,23.75,21.03,,19.381340764823143,28.569008276371203,1.1917018308015557
147,26.1,28.3638,26.1,27.57,89308,26.36,24.02,21.22,,19.432590171614542,29.137297968585344,1.2954231286014448
148,27.91,27.91,26.5238,27.43,156240,26.5,24.31,21.43,,19.526968761091588,29.516688134621482,1.3019071908441988
149,27.43,28.11,27.24,27.48,94419,26.67,24.56,21.63,,19.5950571444356,29.884861811047088,1.2710566772124705
150,27.89,27.93,26.22,27.04,197886,26.64,24.79,21.83,,19.789244287957594,30.150395618191723,1.302409771697294
151,26.45,27.94,26.36,27.56,121019,26.81,25.05,22.04,,19.99013876178678,30.423040740510316,1.3222376451474875
152,27.61,28.74,27.35,27.95,119298,26.95,25.31,22.26,,20.163881526935455,30.755127736929268,1.3270778133512382
153,28.31,28.89,27.34,27.94,371326,27.21,25.63,22.47,,20.503697599553494,30.996765600361588,1.3430008266832927
154,28.17,28.98,27.76,28.12,104951,27.42,25.95,22.67,,21.017539614758146,31.062104264632215,1.3342150533487716
155,28.6,28.85,28.035,28.38,117377,27.72,26.28,22.88,,21.54792688800216,30.981213325192233,1.2971282638238595
156,28.55,28.82,27.65,28.0,79786,27.77,26.57,23.11,,22.126811136859615,30.844254092684817,1.2880476735507267
157,28.19,28.47,27.72,28.23,168381,27.86,26.88,23.32,,22.82867038886946,30.426039016848815,1.249615696868532
158,28.46,28.85,27.6,27.87,71594,27.9,27.16,23.52,,23.658559185777325,29.739154261370455,1.2496431470922083
159,27.42,28.24,26.79,27.61,112725,27.96,27.23,23.73,,24.651242176858066,29.72040366688079,1.2639543508713362
160,27.17,28.84,27.17,28.15,64405,28.03,27.34,23.95,,24.839721681613515,29.705946432580284,1.2929576115233836
161,28.09,28.78,27.325,27.69,107614,28.0,27.36,24.15,,24.93282028570968,29.773335614335785,1.3045320678431422
162,29.18,31.09,29.16,30.25,566718,28.26,27.58,24.39,,24.964524342146813,30.339423796785837,1.454208348711489
163,30.68,31.68,30.45,30.99,301574,28.57,27.79,24.64,,24.67865613870974,30.981784046412763,1.4524791809463826
164,31.01,31.38,30.3,30.51,128737,28.81,28.03,24.85,,24.64700797996675,31.43028290587362,1.425873525164498
165,30.8,30.8,30.0,30.49,205692,29.09,28.25,25.03,,24.886784188872348,31.591776143782404,1.381168273367034
166,31.05,31.05,29.25,29.92,106798,29.28,28.46,25.2,,25.15583195656222,31.686689165301907,1.4110848252693888
167,29.43,30.23,28.22,29.83,123748,29.49,28.57,25.36,,25.383723793428555,31.790119691544362,1.4538644806072898
168,29.66,30.195,28.04,28.16,76421,29.55,28.61,25.48,,25.546391077583227,31.849435050031595,1.5039455891353406
169,27.36,27.475,25.21,25.78,250356,29.29,28.52,25.57,,25.161039550902252,31.902482197165988,1.6072351899113877
170,25.65,27.32,25.6057,26.64,210459,29.17,28.5,25.67,,25.03878597649417,31.957533837588755,1.614882676346289
171,26.93,28.1841,25.78,26.34,225663,28.74,28.44,25.77,,24.93385124819976,31.94467217184923,1.6712553423215541
172,26.71,27.98,26.36,27.94,184168,28.4,28.44,25.9,,24.816386522400123,31.965313465121152,1.6690228178700146
173,28.61,30.125,28.02,29.54,113326,28.29,28.52,26.07,,24.856427706151187,32.04376568553778,1.705878330879299
174,28.68,28.71,27.26,27.67,187575,27.98,28.5,26.19,,24.82080685980559,32.04118380326372,1.7468870215307775
175,27.64,30.24,27.64,29.63,360565,27.95,28.56,26.35,,24.80245662100552,32.12770128324646,1.8078236628500075
176,29.62,30.09,28.98,29.0,114507,27.86,28.61,26.5,,24.821874884923297,32.1912304443029,1.7579791155035784
177,30.5,30.65,28.97,29.83,284178,28.04,28.69,26.65,,24.843747024606813,32.30346007927276,1.7524091786818943
178,30.29,30.825,30.05,30.29,380073,28.54,28.81,26.82,,24.825138133747664,32.43163295798475,1.6983085230617592
179,30.51,30.78,29.53,30.34,144546,28.95,28.95,26.98,,24.950911361041133,32.509810186004295,1.6662864857002049
180,29.75,30.34,28.76,29.24,132767,29.28,29.0,27.11,,25.055578763193687,32.55306205771999,1.6601231652930473
181,29.74,30.3,29.42,29.84,89356,29.49,29.11,27.26,,25.150032349923993,32.58115080724792,1.6172572249149726
182,30.25,30.49,29.73,30.15,238400,29.55,29.11,27.41,,25.138271364120886,32.51051337505294,1.5560245659924743
183,29.95,31.6,29.71,31.0,903916,29.92,29.11,27.6,,25.18503007843184,32.495342394966386,1.579879954135869
184,31.34,33.96,31.19,32.48,361428,30.24,29.21,27.82,,25.09123766496702,33.13908981724489,1.6784599574118786
185,32.4,33.0,32.06,32.27,162249,30.6,29.29,28.02,,24.86909959429397,33.50636043484636,1.6257128175967444
186,32.05,32.33,31.25,31.45,111890,30.78,29.37,28.21,,24.775317973798785,33.68813790880285,1.5867333306255482
187,31.73,32.5,31.4144,32.13,240504,30.99,29.49,28.41,,24.73770963107743,33.94653139568444,1.5509380927237233
188,32.71,33.0646,31.3,31.86,203024,31.16,29.67,28.6,,24.75955898781536,34.287007205146224,1.5661996575291715
189,31.76,32.02,30.32,31.39,165576,31.4,29.95,28.71,,25.359609010998255,34.289303305957596,1.5757568248485165
190,31.32,31.58,30.23,31.26,48098,31.55,30.18,28.82,,25.95752759368702,34.13568417901864,1.5596313373593367
191,32.18,32.39,31.0,31.65,93947,31.72,30.45,28.9,,26.603919035414613,34.129108319397616,1.5475148132622414
192,32.19,32.64,31.55,32.11,144794,31.84,30.66,29.02,,27.177982507955097,34.029066985766846,1.51483518374351
193,32.1,32.4792,31.52,32.08,51850,31.8,30.78,29.13,,27.4173687786063,34.12072231086651,1.4751469563332593
194,31.99,32.225,31.56,31.74,26634,31.74,30.99,29.25,,27.91503901963528,33.958563546588834,1.4172793165951696
195,31.96,34.68,31.86,34.53,200371,32.08,31.23,29.42,,28.386912689149145,34.441490457182596,1.526045079695515
196,34.53,34.85,33.44,33.95,177517,32.29,31.48,29.59,,28.368994010134912,34.8523568324501,1.51775614543155
197,33.25,34.33,33.02,33.92,102162,32.51,31.68,29.71,,28.51803750137939,35.11028526428502,1.5029164207578676
198,34.82,35.76,33.78,34.12,220061,32.82,31.88,29.85,,28.43602444282505,35.657264673578,1.5369938192751627
199,33.88,34.4064,32.38,33.06,76764,33.02,32.01,29.96,21.36,28.634396822332164,35.82288716267559,1.5719514036126507
200,32.73,33.15,32.01,32.86,72400,33.15,32.19,30.07,21.39,29.061801996141234,35.74967085991575,1.5410977319260328
201,33.24,33.5699,31.87,31.94,119923,33.13,32.3,30.16,21.42,29.377475969455773,35.65243838532747,1.5524407510741731
202,32.22,32.5,31.94,32.24,324456,33.15,32.4,30.25,21.46,29.66113901648549,35.476952724223736,1.4815521259974462
203,32.35,33.75,32.0595,33.14,269266,33.31,32.51,30.35,21.5,29.99848762773952,35.47878148669852,1.4964769741404857
204,33.06,33.38,32.3,32.54,101404,33.09,32.51,30.44,21.54,30.063212063977794,35.42626240433478,1.4667286188447373
205,32.67,32.955,31.08,31.63,220128,32.83,32.48,30.51,21.58,29.98561581648148,35.425097680386735,1.4958908603558274
206,31.19,31.6,30.04,30.88,198755,32.49,32.45,30.56,21.62,29.773839981220437,35.474006834644676,1.5026129417589826
207,31.21,32.85,30.5,32.35,268014,32.29,32.46,30.65,21.67,29.65544231818762,35.47448698517586,1.5631405887761982
208,32.52,32.7613,31.09,31.22,118991,32.09,32.43,30.71,21.73,29.634361136180818,35.467438047519096,1.5708662610064696
209,31.21,31.23,30.32,30.7,53481,31.85,32.4,30.77,21.79,29.63436113618081,35.53856405287637,1.5236615280774362
210,31.47,32.87,31.4293,32.43,231582,31.9,32.45,30.86,21.86,29.805847601674973,35.49089394617166,1.5698285617861907
211,32.7,32.8273,30.12,31.18,125940,31.79,32.43,30.93,21.94,29.654035645885102,35.48745023182653,1.6510765216586056
212,31.4,31.4,30.41,31.1,184217,31.56,32.38,30.95,22.02,29.517963821332234,35.55967441997173,1.6038567701115622
213,31.3,31.37,30.76,31.23,331076,31.41,32.34,30.95,22.12,29.444206465867094,35.621598704236476,1.5328670008178793
214,31.57,32.01,30.2,30.43,203245,31.28,32.27,30.95,22.22,29.287082231502634,35.62890733544871,1.5526622150451737
215,30.27,31.8,30.27,31.51,84580,31.35,32.12,30.97,22.31,29.14493862747026,35.43636958734041,1.55104348539909
216,31.99,34.35,31.74,34.26,174362,31.56,32.14,31.06,22.41,29.251254652345967,35.340221655889465,1.6431118078705835
217,34.47,35.35,33.94,34.64,76642,31.94,32.17,31.15,22.51,29.113700515066157,35.553370939465886,1.6264609644512564
218,34.91,34.91,32.29,32.71,103357,32.17,32.1,31.24,22.61,29.278246306596905,35.340003875479084,1.697428038419024
219,32.2,33.3199,32.2,32.81,81696,32.21,32.09,31.38,22.71,29.286934772657474,35.19404340728433,1.6561760356748076
220,33.01,33.84,32.99,33.62,169658,32.48,32.13,31.52,22.8,29.223128794019246,35.26494931466863,1.6114491759837501
221,33.46,33.99,32.63,32.79,128816,32.67,32.17,31.65,22.89,29.198641413701672,35.31748473024365,1.5934885205563396
222,33.26,33.9999,32.92,33.64,86743,32.93,32.24,31.77,22.99,29.15733662276115,35.42685793178765,1.566089340516601
223,32.91,33.91,32.65,33.7,78901,33.3,32.27,31.85,23.09,29.14015643713101,35.446035627264756,1.5442258161939866
224,34.0,36.27,34.0,35.07,149355,33.69,32.4,32.0,23.19,28.991424445910763,35.99069832059123,1.617495400751559
225,35.13,35.4085,33.43,34.32,94664,33.7,32.53,32.09,23.29,28.99347528817822,36.28110634456009,1.643281443555019
226,34.3,36.23,33.93,35.05,269331,33.75,32.74,32.21,23.4,29.130628412380425,36.670736639155386,1.6901899118725174
227,34.43,34.96,33.75,34.91,85053,33.99,32.87,32.32,23.5,29.255513555196558,36.8208804355415,1.6623192038816232
228,34.99,34.99,32.51,33.51,185755,34.07,32.98,32.38,23.59,29.35756029711518,36.95869917059584,1.7207249750329363
229,33.87,33.87,31.59,32.44,119855,33.94,33.07,32.42,23.69,29.539677304326315,36.862889432169354,1.7606731911020121
230,31.48,32.1,30.78,31.74,145175,33.82,33.03,32.47,23.77,29.452694634808257,36.89853255362357,1.7534822488804396
231,32.07,33.18,31.68,32.83,91524,33.73,33.12,32.53,23.86,29.692855448543398,36.89541483123155,1.7353763739604082
232,32.72,33.5826,32.16,32.47,112039,33.59,33.18,32.58,23.95,29.92856543289084,36.780142366339064,1.7130352043918078
233,32.73,32.73,31.8,32.46,66341,33.3,33.25,32.61,24.04,30.080292108948825,36.6410674301221,1.657104118363821
234,32.8,32.9,31.6101,32.76,58469,33.13,33.36,32.61,24.13,30.354481641710823,36.567085035803395,1.6308752527664052
235,32.68,32.825,32.14,32.45,53495,32.84,33.41,32.62,24.22,30.70614471273671,36.456822467103926,1.5633127347116622
236,32.27,33.44,32.27,33.32,76430,32.66,33.36,32.65,24.32,30.766181591822424,36.42925078543264,1.5352189679465431
237,33.52,33.93,33.14,33.91,92222,32.71,33.33,32.69,24.42,30.822120281631204,36.282218590564895,1.481989041664647
238,34.13,35.7,34.13,35.54,97165,33.05,33.47,32.76,24.53,30.77405854854313,36.41292324358857,1.503989824402887
239,36.08,36.68,35.06,36.51,126929,33.58,33.65,32.87,24.64,30.630950173715544,36.825761542413744,1.5122762655169664
240,36.84,37.6,36.29,36.71,127840,34.01,33.81,32.97,24.75,30.27281721201504,37.40975502892137,1.4978279608371832
241,36.93,37.44,35.62,36.34,75399,34.44,33.98,33.07,24.87,30.16703555728313,37.863452885706735,1.520840249348813
242,36.06,39.4,36.06,38.79,472204,35.15,34.24,33.2,24.99,30.034024761291573,38.75984351930123,1.6507802315381832
243,39.51,39.8795,37.11,38.13,240785,35.74,34.46,33.32,25.1,29.83314017526239,39.62520577477339,1.7306887864283131
244,40.5,43.0,39.86,41.02,782573,36.7,34.76,33.51,25.22,29.12854037762915,41.166052499603886,1.9549253016834334
245,41.41,44.7,41.41,43.0,489165,37.77,35.19,33.68,25.36,28.400852953018088,42.96615766355838,2.0781449229917595
246,43.34,45.75,42.88,45.0,656497,39.0,35.69,33.9,25.51,27.649483080804767,44.70033853477571,2.1347059999209193
247,45.62,48.75,45.45,47.34,771748,40.32,36.31,34.17,25.67,26.7256940883542,47.01337328709675,2.250084142783711
248,47.01,49.04,43.21,48.51,590232,41.65,37.06,34.45,25.83,26.63983749335042,48.99168890637312,2.50579241829916
249,48.62,50.21,45.07,45.46,314619,42.62,37.71,34.7,25.98,26.6265405942245,50.92549847791503,2.693950102706363
250,45.5,47.03,43.09,43.09,236932,43.37,38.28,34.91,26.11,27.1783231775175,51.81190967302241,2.7829536667987655
251,43.59,44.665,41.6336,44.01,238005,43.95,38.84,35.15,26.23,27.80354720150113,52.23873867293148,2.8006998334559965
252,45.02,45.95,42.52,43.35,228432,44.53,39.38,35.37,26.36,28.416188233069683,52.749426280927814,2.8456498453519967
253,43.45,44.75,41.8,44.28,176036,44.89,39.98,35.59,26.5,29.243580523039224,52.89662774312914,2.8531034278268543
254,44.99,46.0,44.38,45.23,186724,45.14,40.6,35.85,26.65,30.129420890353614,53.056309132014576,2.772167468696365
255,45.11,45.8688,41.77,42.18,207540,44.83,41.09,36.06,26.79,31.177124670310235,52.99662411241391,2.8669269352180526
256,42.5,43.24,40.33,42.69,198738,44.31,41.55,36.29,26.92,32.322510709129816,52.58515191327432,2.870003582702478
257,43.21,45.0,43.0,44.16,176954,43.83,42.07,36.53,27.05,33.436825810149024,52.17010271272218,2.830003326795158
258,44.11,45.31,43.26,45.03,117552,43.78,42.54,36.81,27.19,34.47714496793948,51.84785160368731,2.7742888034526474
259,44.42,47.22,44.3616,46.3,145410,44.14,43.03,37.12,27.34,35.413882147956365,51.685570504245554,2.7802967460631725
260,46.42,48.74,45.5901,48.72,201278,44.66,43.63,37.44,27.49,36.126274136036734,51.679240147830015,2.8066969784872318
261,48.54,48.86,45.17,46.8,224164,45.04,44.15,37.76,27.64,37.252171450777986,51.376765516957526,2.8697900514524295
262,46.8,46.97,45.14,46.22,129647,45.26,44.53,38.06,27.78,38.52323907550117,50.95279878163094,2.795519333491542
263,46.46,46.46,44.605,44.93,116642,45.23,44.87,38.33,27.9,39.78393745814418,50.330832659426854,2.7283393810992895
264,44.74,45.5,43.4301,45.46,106453,45.59,45.09,38.63,28.04,40.348892125435505,50.15305848656885,2.6813079967350544
265,45.38,47.57,44.7,44.89,142146,45.83,45.18,38.9,28.17,40.61298319481273,50.22346141418726,2.6947859969682644
266,44.9,47.37,44.05,45.58,222886,45.99,45.21,39.13,28.31,40.682648961554904,50.292560481342655,2.73944414004196
267,45.96,46.46,44.87,44.95,118496,45.98,45.09,39.33,28.43,40.718474242791075,50.04909210495594,2.6573409871818203
268,44.36,45.0,41.71,42.01,110716,45.51,44.77,39.52,28.54,40.52514676135193,49.71845507730449,2.702530916668833
269,42.66,44.7,42.42,42.6,109557,44.83,44.62,39.72,28.66,40.44656626675507,48.99806794974663,2.7016358511924885
270,42.19,45.125,41.68,44.77,124085,44.6,44.71,39.94,28.77,40.27974063859448,48.903946742122535,2.754733290393025
271,46.46,47.285,45.52,47.11,128944,44.7,44.86,40.23,28.9,40.431682661263615,49.010120220593514,2.73760948393638
272,47.38,48.4981,45.48,45.48,108525,44.76,44.97,40.46,29.02,40.497782446448326,49.31892179783974,2.7576445207980673
273,45.18,46.64,44.69,45.35,227016,44.75,45.02,40.7,29.14,40.73802175514787,49.32679892081602,2.6999556264553486
274,45.55,47.255,45.24,45.42,110471,44.81,45.03,40.9,29.28,40.72371892722468,49.40796459415018,2.6510302245656807
275,45.44,46.0,44.53,45.57,123915,44.81,45.2,41.13,29.41,41.00819391433233,49.4096358153117,2.566670922810989
276,46.29,47.94,45.95,46.22,192507,44.95,45.38,41.35,29.55,41.711879831262394,49.29225334560301,2.552622999753061
277,46.19,46.48,44.29,44.87,101124,45.27,45.41,41.55,29.69,41.84712135183183,49.24436218237509,2.5267213569135567
278,44.8,46.29,44.38,44.91,145415,45.52,45.41,41.78,29.83,41.955078109056906,49.20910400909708,2.482669831419731
279,45.27,45.5678,43.008,43.67,91947,45.4,45.28,42.0,29.96,41.810026510148795,49.1815706275064,2.488179129175464
280,43.74,43.88,43.15,43.87,48645,45.04,45.03,42.25,30.1,41.710280839587924,49.062605982667264,2.362594905662931
||||||| 599f065
0,24.65,25.08,23.68,24.65,173737,,,,,,,1.3999999999999986
1,24.89,25.12,23.89,25.03,39931,,,,,,,1.3878571428571416
2,24.89,25.48,23.6021,24.13,69154,,,,,,,1.4228602040816314
3,24.61,24.61,23.7,24.15,56466,,,,,,,1.3862273323615149
4,23.59,23.59,22.15,22.83,91703,,,,,,,1.4300682371928353
5,22.53,22.56,20.34,21.93,265577,,,,,,,1.5057776488219183
6,19.99,20.41,19.409,19.409,151758,,,,,,,1.5782935310489243
7,20.45,20.45,18.96,19.69,88802,,,,,,,1.5719868502597154
8,18.97,19.27,18.075,18.31,120067,22.24,,,,,,1.5750592180983074
9,17.0,17.13,15.19,15.24,105596,21.19,,,,,,1.6854121310912855
10,16.43,16.43,13.74,14.25,193422,19.99,,,,,,1.757168407441908
11,12.69,13.26,10.59,10.68,161353,18.5,,,,,,1.893084949767486
12,11.0,11.99,10.16,11.83,141574,17.13,,,,,,1.8885788819269513
13,11.08,12.3,10.13,12.23,136020,15.95,,,,,,1.9086803903607406
14,12.16,15.66,12.0301,15.66,171277,15.26,,,,,,2.0316246481921163
15,15.68,15.79,13.3701,13.81,238446,14.63,,,,,,2.0593586018926793
16,13.82,13.82,12.44,12.71,87729,13.86,,,,,,2.010832987471774
17,13.72,14.4,13.26,13.53,92793,13.33,,,,,,1.9879163455095044
18,13.62,15.18,13.5,14.23,88111,13.21,,,,,,1.965922320830254
19,14.6,15.485,14.09,15.16,93187,13.32,17.47,,,6.684598595615286,27.71498035496026,1.9251421550566645
20,14.53,15.18,14.11,14.57,70168,13.75,16.97,,,6.731011152928826,26.76661681930576,1.8640605725526171
21,14.68,14.695,13.28,13.45,97736,13.93,16.39,,,6.868624677151523,25.666065387241588,1.8319848173702875
22,13.51,14.33,13.01,14.04,182966,14.13,15.89,,,7.131529434491987,24.272977649569917,1.79541447327241
23,13.6,14.48,13.28,14.22,96411,13.97,15.39,,,7.699499385750515,22.8603333312096,1.7528848680386666
24,14.09,14.84,13.9,14.63,82335,14.06,14.98,,,8.29171799164953,21.477600216185913,1.694821663178762
25,14.55,14.725,13.78,14.61,67246,14.27,14.61,,,8.742686717637937,20.133439677296703,1.6412629729517079
26,15.67,15.67,14.28,14.57,112664,14.39,14.37,,,9.210014257822703,19.282482307888394,1.6233156177408719
27,15.25,16.18,13.42,13.66,93235,14.32,14.07,,,9.753189958094712,18.286027175738383,1.7045073593308095
28,14.1,15.03,14.09,14.21,113419,14.22,13.86,,,10.328549329944881,17.393320088112663,1.680613976521466
29,14.69,15.52,14.505,15.39,114173,14.31,13.87,,,10.389256448291219,17.10100040615963,1.6541415496270755
30,15.48,15.48,14.76,15.01,65108,14.48,13.91,,,10.346903915784933,16.94646469106926,1.5874171532251415
31,15.51,15.945,15.03,15.28,75964,14.62,14.14,,,10.708371085891024,17.038695460859014,1.5408159279947742
32,14.64,14.64,13.87,14.32,90333,14.63,14.26,,,11.352279182433257,16.72430181909601,1.5314719331380047
33,14.19,14.62,12.78,13.05,86732,14.46,14.31,,,12.12977852276844,16.33134066121823,1.553509652199576
34,13.64,16.03,13.45,14.7,106264,14.47,14.26,,,12.398875195567436,16.39594704194898,1.6554018198996063
35,14.32,14.45,13.55,13.73,88947,14.37,14.25,,,12.415246952699755,16.317669912823735,1.6193016899067774
36,13.23,14.17,13.23,14.0,67332,14.41,14.32,,,12.575650257797385,16.273437948334927,1.570780140627722
37,14.16,14.51,12.775,13.48,81893,14.33,14.32,,,12.490064384952,16.267499243923996,1.5825101305828848
38,13.6,14.31,13.55,14.13,80640,14.19,14.31,,,12.494348336059282,16.267327958954038,1.5287594069698218
39,14.11,14.58,13.64,13.94,58589,14.07,14.25,,,12.482510167506108,16.215884522054896,1.4867051636148347
40,14.06,14.96,13.84,14.81,85516,14.02,14.26,,,12.481403000124567,16.200930782146358,1.4605119376423465
41,15.41,15.94,14.98,15.77,73769,14.18,14.38,,,12.457817228810692,16.33056187077682,1.4369039420964647
42,16.47,16.88,15.5,15.79,218999,14.48,14.46,,,12.430461238060976,16.65643732315759,1.4328393748038601
43,15.66,16.975,14.93,16.49,89402,14.68,14.58,,,12.477419860946107,16.951629560584216,1.4765651337464416
44,15.95,16.08,15.0,15.17,85731,14.84,14.61,,,12.468155237472967,17.037751916122197,1.4775247670502671
45,14.66,15.4,14.66,15.27,56779,14.98,14.64,,,12.494662083010454,17.04720282000562,1.4248444265466766
46,15.9,16.76,15.3,15.58,82504,15.22,14.69,,,12.457678228442983,17.21018655698664,1.429498396079057
47,16.03,16.82,14.93,15.07,91884,15.32,14.76,,,12.534263174547476,17.320461703820566,1.4623913677876959
48,16.38,19.14,16.22,18.24,183360,15.8,14.96,,,12.420061818933727,18.134948157511207,1.6486491272314319
49,18.2839,18.76,17.87,18.67,55441,16.23,15.12,15.91,,12.013639939399454,18.656356401665974,1.5944599038577583
50,18.14,18.14,16.77,17.3,62680,16.4,15.24,15.76,,11.913779703621039,18.96585913227363,1.6162841964393473
51,17.26,17.6936,16.16,16.2,59889,16.44,15.29,15.58,,11.88525742363234,19.151957475695845,1.6103781824079655
52,15.94,16.4887,15.28,16.0,77351,16.39,15.37,15.42,,11.967645962353561,19.177987137340036,1.5816868836645395
53,15.4566,15.79,14.61,15.18,61455,16.39,15.48,15.24,,12.213411241104657,19.157783490444714,1.5679949634027868
54,15.07,15.75,15.06,15.58,51427,16.42,15.52,15.1,,12.373043511245104,19.14968176859915,1.5052810374454448
55,16.66,18.08,16.42,17.96,110896,16.69,15.73,15.02,,12.511632519855242,19.32973653248076,1.5763323919136272
56,17.65,17.705,16.55,16.57,53673,16.86,15.86,14.96,,12.741919523695765,19.37515584476099,1.5644515067769396
57,16.96,17.705,16.93,17.59,46572,16.78,16.07,14.92,,13.11661362770435,19.411176144223692,1.5337763991500153
58,17.55,17.97,17.11,17.68,58365,16.67,16.24,14.9,,13.350523978370216,19.403037024914873,1.4856495134964427
59,17.77,17.77,17.36,17.54,39988,16.7,16.42,14.95,,13.6008005638061,19.343872485073472,1.4088174053895541
60,18.25,18.73,17.83,18.48,58974,16.95,16.61,15.04,,13.8153304539556,19.430323840979394,1.393187590718872
61,19.17,19.74,18.76,19.6,60817,17.35,16.8,15.21,,13.72649053670497,19.800510865473356,1.3836741913818096
62,20.01,20.01,18.35,18.46,50964,17.72,16.93,15.35,,13.704299689456137,20.20622981620738,1.4034117491402518
63,18.13,18.89,17.75,18.79,63431,18.07,17.05,15.48,,13.853416245072195,20.348951982008153,1.3845966242016623
64,18.85,19.04,18.51,18.6,46412,18.15,17.22,15.54,,13.96660362973583,20.453521793728353,1.3235540081872577
65,18.94,19.7,18.64,19.44,66917,18.46,17.43,15.65,,14.188106852271059,20.535760016068632,1.3075858647453107
66,19.91,20.34,19.69,19.97,50527,18.73,17.65,15.79,,14.216280914523551,20.840080372941095,1.2784725886920743
67,19.73,20.2,19.39,19.92,54691,18.98,17.89,15.92,,14.436455894745833,21.065993622461388,1.2450102609283547
68,20.75,22.68,20.625,21.86,71619,19.46,18.07,16.07,,14.331160843165874,21.851404780220953,1.3532238137191863
69,22.51,22.82,21.77,21.85,66144,19.83,18.23,16.21,,13.988703921800461,22.567282488823583,1.3315649698821015
70,21.35,21.72,20.75,21.46,34381,20.04,18.44,16.35,,13.970999307368523,22.95419649839208,1.315024614890523
71,21.35,21.35,20.05,20.28,43531,20.24,18.64,16.48,,14.13823506589313,23.229794228122397,1.3218085709697713
72,19.35,19.65,18.22,18.31,82085,20.19,18.76,16.57,,14.511275508481168,23.199799328570485,1.3745365301862165
73,19.33,19.69,18.74,18.94,12635,20.23,18.94,16.66,,15.126565294018938,23.034656532044647,1.3749267780300585
74,18.2,18.44,15.84,18.3101,301907,20.1,19.08,16.74,,15.318175963664409,22.755195612692667,1.4981462938850545
75,19.06,19.27,17.16,17.38,198645,19.81,19.05,16.79,,15.440146182919136,22.736726667529243,1.541850130036122
76,17.5,17.73,17.1,17.39,99249,19.53,19.09,16.85,,15.53225402004368,22.73462004020707,1.4767179778906847
77,17.15,17.68,16.91,16.97,83539,18.99,19.06,16.91,,15.52899503905552,22.736769586563003,1.4262381223270644
78,17.14,17.2,16.15,16.47,186339,18.39,19.0,16.96,,15.357263684661959,22.80566959256165,1.399363970732274
79,16.25,16.47,15.81,15.98,100888,17.78,18.92,16.97,,15.091478941772074,22.94780752260329,1.3465522585371115
80,16.37,16.92,16.11,16.71,61392,17.38,18.83,17.01,,14.856869351143345,23.04350558744314,1.3175128114987464
81,16.41,16.41,15.945,16.08,56101,17.14,18.66,17.02,,14.566317412852586,23.12743442713555,1.2780476106774075
82,15.96,16.54,15.69,16.52,43540,16.87,18.56,17.07,,14.26812866859021,23.131391331011915,1.247472781343307
83,16.25,16.53,15.58,15.87,44011,16.6,18.42,17.12,,14.002726468566827,23.180072230238636,1.226224725533071
84,16.23,17.16,15.89,16.88,31706,16.54,18.33,17.17,,13.779025269515396,23.168203854090493,1.230780102280709
85,16.66,16.88,16.33,16.66,50708,16.46,18.19,17.22,,13.632194832691415,23.105463689660326,1.1821529521178014
86,16.87,16.92,16.42,16.49,29106,16.41,18.02,17.27,,13.545689594286259,22.94586145878825,1.1334277412522442
87,16.93,16.93,16.31,16.42,22839,16.4,17.84,17.33,,13.457925573843308,22.776995811667533,1.0967543311627983
88,16.83,17.11,16.61,16.8,30352,16.49,17.59,17.39,,13.56013540526981,22.045346939875976,1.0677004503654555
89,16.55,16.85,16.26,16.26,27212,16.44,17.31,17.43,,13.991339250658262,21.105552167192716,1.0335789896250658
90,16.19,16.58,15.83,16.18,27309,16.45,17.05,17.46,,14.350634016401214,20.337584920752757,1.0133233475089896
91,16.01,16.09,15.51,15.62,29251,16.35,16.81,17.46,,14.719164748412286,19.514057674212612,0.9888002512583475
92,15.56,16.45,15.56,16.38,28082,16.41,16.72,17.47,,14.7727079648007,19.096378313227778,0.9817430904541797
93,16.66,16.95,16.234,16.54,25477,16.37,16.6,17.47,,15.180692076144826,18.553814491617022,0.9627614411360239
94,16.55,16.99,16.46,16.98,28376,16.41,16.53,17.51,,15.21541513354595,18.332137736326075,0.9318499096263078
95,17.0,18.23,17.0,18.05,57684,16.58,16.56,17.56,,15.23858292768659,17.948362948225043,0.9545749160815715
96,18.03,18.05,17.21,17.4,23984,16.69,16.56,17.6,,15.220725614667138,18.02549993289905,0.9463909935043164
97,17.31,17.71,17.08,17.22,22116,16.74,16.58,17.64,,15.200158150738844,18.03136705214984,0.9237916368254369
98,17.06,17.18,16.85,17.09,20262,16.83,16.61,17.62,,15.194253161340278,18.029425671150676,0.8842350913379055
99,17.32,17.5,16.79,16.93,37057,16.91,16.65,17.58,,15.235142798139082,18.083278076587607,0.8717897276709123
100,16.63,17.23,16.63,17.0,24654,17.07,16.67,17.58,,15.253489977830208,18.10287832044797,0.8523761756944187
101,16.85,17.79,16.8,17.67,20768,17.21,16.75,17.61,,15.289159752210285,18.185407914769502,0.862206448859103
102,17.52,17.93,17.52,17.81,100724,17.35,16.81,17.64,,15.30809793849032,18.28548864290812,0.8299059882263099
103,17.92,17.92,17.27,17.77,59679,17.44,16.91,17.69,,15.411857173954646,18.36457336846083,0.8170555604958594
104,17.7,17.735,16.8,16.86,64231,17.31,16.91,17.72,,15.493278815071701,18.415434263765874,0.8279801633175836
105,16.87,17.68,16.87,17.6,67884,17.33,16.95,17.71,,15.51893281033702,18.4566994276549,0.827410151652042
106,17.18,17.91,17.09,17.87,70402,17.4,17.02,17.74,,15.534643802446318,18.523771443948583,0.8268808551054676
107,17.62,17.77,16.72,17.22,89988,17.41,17.06,17.73,,15.565353097638784,18.564013707801312,0.8499607940265058
108,17.31,17.62,17.16,17.27,37742,17.45,17.09,17.72,,15.57007361566385,18.58673821533535,0.8221064515960412
109,17.21,17.7,17.15,17.61,103852,17.52,17.15,17.72,,15.61448095682561,18.605539910261683,0.8026702764820384
110,17.89,18.07,17.47,18.04,85366,17.56,17.25,17.72,,15.733638953997804,18.63487997625812,0.7881938281618929
111,18.05,18.63,17.83,18.38,108196,17.62,17.38,17.69,,15.943062892650206,18.645545816435078,0.7890371261503292
112,19.11,21.41,18.66,20.01,193256,17.87,17.57,17.72,,16.028834271684946,19.74311526051719,0.9491059028538772
113,21.0,22.91,20.99,21.85,159074,18.43,17.83,17.78,,15.333894829185008,21.047082216891685,1.0884554812214573
114,22.16,22.59,21.425,21.45,142676,18.86,18.06,17.84,,14.90636883929842,21.87514839179957,1.0939229468484961
115,21.88,22.23,21.53,21.7,100620,19.28,18.24,17.89,,14.614610235381619,22.462535060754885,1.0714998792164607
116,21.48,21.91,21.21,21.42,40442,19.75,18.44,17.91,,14.482725403315056,22.906056295487453,1.044964173558142
117,21.38,22.06,20.7436,21.96,38751,20.27,18.68,17.96,,14.488432868914684,23.323987984986623,1.0643524468754175
118,22.0,22.31,21.66,21.95,119652,20.75,18.92,17.96,,14.474252273794708,23.713055031073793,1.0347558435271733
119,21.78,21.78,21.36,21.5,69942,21.14,19.15,17.95,,14.571940383535608,23.96561653634618,1.002987568989518
120,21.66,22.18,21.3,21.41,118438,21.47,19.37,17.95,,14.756529005141477,24.218316466031126,0.9942027426331239
121,21.16,21.5,21.05,21.31,46770,21.62,19.55,17.97,,14.981896793636782,24.35852563201599,0.9553311181593294
122,21.2,21.95,21.05,21.65,171913,21.59,19.74,18.04,,15.13921026599115,24.52981700871235,0.9513788954336629
123,21.79,21.98,20.905,21.2,98834,21.57,19.91,18.08,,15.371381717222958,24.664325956261884,0.9602089743312584
124,21.53,21.79,21.31,21.59,91990,21.55,20.15,18.15,,15.716569942029768,24.71741512695047,0.9337654761647399
125,21.56,22.1398,21.42,21.47,92016,21.56,20.34,18.23,,16.102869811976475,24.753653444342437,0.9184822278672584
126,21.6,22.08,21.42,21.75,77686,21.54,20.54,18.32,,16.505064688366883,24.748408241449763,0.9000192115910255
127,21.87,22.19,21.71,22.16,92048,21.56,20.78,18.42,,17.066942624264282,24.666494034458534,0.8700178393345238
128,22.08,22.16,21.54,21.82,129582,21.6,21.01,18.53,,17.617486506384925,24.45215654549381,0.8521594222392008
129,21.72,22.55,21.67,22.47,136782,21.71,21.25,18.66,,18.290449770849243,24.135760881056747,0.8541480349364008
130,22.49,22.5,21.9,22.43,115898,21.84,21.47,18.77,,19.021309543112547,23.658893586327366,0.8359946038695151
131,22.5,23.635,22.1,22.21,189226,21.9,21.67,18.89,,19.855757186653097,23.180368194263803,0.8859235607359783
132,22.67,23.16,22.15,22.78,148056,22.08,21.8,19.02,,20.666573319803444,23.285801365920094,0.8947861635405515
133,22.64,22.64,21.63,21.63,92122,22.08,21.79,19.13,,20.72178644574412,23.243540845725494,0.9130157232876551
134,21.78,21.93,21.12,21.6,144587,22.09,21.8,19.23,,20.691432411621715,23.2091515231934,0.9056574573385368
135,21.76,22.025,21.44,21.92,84148,22.11,21.81,19.33,,20.688158219113745,23.20336522707286,0.8827533532429268
136,21.97,22.59,21.83,22.1,69000,22.11,21.85,19.45,,20.707001671914956,23.238753636230847,0.8739852565827179
137,22.27,22.46,21.85,22.15,158520,22.14,21.86,19.56,,20.82521328940217,23.25811064535924,0.8551291668268094
138,22.49,22.69,22.03,22.185,60810,22.11,21.87,19.67,,20.809287672205087,23.29433690714797,0.8411913691963231
139,22.66,26.3699,22.34,26.17,168608,22.53,22.1,19.87,,20.781428588860297,24.578050231624374,1.0800276999680145
140,25.955,26.15,25.2301,25.94,101717,22.94,22.33,20.06,,19.978347526616847,25.32925187493071,1.0700185785417278
141,26.12,27.25,25.855,27.24,181482,23.44,22.62,20.29,,19.49633191299426,26.24196454191003,1.0932315372173187
142,26.73,26.73,25.27,26.05,139952,23.93,22.84,20.49,,19.368351317264754,26.83777511008295,1.1558578559875101
143,26.38,27.09,26.08,26.67,155984,24.49,23.12,20.69,,19.226824033470912,27.42475741592105,1.1475822948455452
144,26.75,27.52,25.65,25.68,210455,24.91,23.32,20.86,,19.207256615307045,28.009404429987754,1.199183559499435
145,25.76,26.6,25.06,26.16,86986,25.36,23.56,21.03,,19.294915683907607,28.334816944867953,1.223527590963761
146,26.05,26.36,25.595,25.72,112497,25.76,23.75,21.19,,19.38134076482338,28.56900827637121,1.1907756201806354
147,26.1,28.3638,26.1,27.57,89308,26.36,24.02,21.4,,19.432590171614773,29.13729796858535,1.2945630758820188
148,27.91,27.91,26.5238,27.43,156240,26.5,24.31,21.61,,19.526968761091823,29.51668813462149,1.3011085704618746
149,27.43,28.11,27.24,27.48,94419,26.67,24.56,21.82,,19.595057144435827,29.8848618110471,1.2703151011431695
150,27.89,27.93,26.22,27.04,197886,26.64,24.79,22.02,,19.789244287957825,30.15039561819173,1.3017211653472287
151,26.45,27.94,26.36,27.56,122059,26.81,25.05,22.22,,19.99013876178702,30.42304074051033,1.321598224965284
152,27.61,28.74,27.35,27.95,119498,26.95,25.31,22.42,,20.163881526935697,30.755127736929275,1.3264840660391921
153,28.31,28.89,27.34,27.94,371326,27.21,25.63,22.62,,20.503697599553742,30.9967656003616,1.3424494898935355
154,28.17,28.98,27.76,28.12,104951,27.42,25.95,22.85,,21.01753961475842,31.06210426463223,1.3337030977582829
155,28.6,28.85,28.035,28.38,117377,27.72,26.28,23.06,,21.547926888002447,30.981213325192247,1.2966528764898342
156,28.55,28.82,27.65,28.0,79786,27.77,26.57,23.27,,22.12681113685994,30.844254092684835,1.2876062424548462
157,28.19,28.47,27.72,28.23,168381,27.86,26.88,23.49,,22.82867038886984,30.42603901684883,1.2492057965652144
158,27.92,28.85,27.6,27.87,73231,27.9,27.16,23.7,,23.658559185777786,29.73915426137049,1.2492625253819847
159,27.42,28.24,26.79,27.61,112725,27.96,27.23,23.9,,24.651242176858734,29.720403666880824,1.2636009164261286
160,27.17,28.84,27.17,28.15,64405,28.03,27.34,24.1,,24.83972168161423,29.70594643258032,1.292629422395691
161,28.09,28.78,27.325,27.69,107614,28.0,27.36,24.29,,24.932820285710402,29.77333561433582,1.304227320795999
162,29.18,31.09,29.16,30.25,436923,28.26,27.58,24.49,,24.964524342147488,30.339423796785866,1.4539253693105703
163,30.68,31.68,30.45,30.99,301574,28.57,27.79,24.67,,24.678656138710284,30.981784046412788,1.4522164143598153
164,31.01,31.38,30.36,30.51,120765,28.81,28.03,24.86,,24.636485004075297,31.430282905873643,1.421343813334114
165,30.8,30.8,30.0,30.49,205692,29.09,28.25,25.03,,24.877426789963017,31.59177614378242,1.3769621123816773
166,31.05,31.05,29.25,29.92,106798,29.28,28.46,25.2,,25.14693912205743,31.68668916530193,1.4071791043544146
167,29.43,30.23,28.22,29.83,123748,29.49,28.57,25.36,,25.37478757375845,31.790119691544387,1.450237739757671
168,29.66,30.195,28.04,28.16,76421,29.55,28.61,25.48,,25.537422743626955,31.849435050031623,1.5005779012035516
169,27.36,27.475,25.21,25.78,250356,29.29,28.52,25.57,,25.15284090063642,31.902482197166012,1.6041080511175836
170,25.65,27.32,25.6057,26.64,210459,29.17,28.5,25.67,,25.030811739878676,31.957533837588777,1.611978904609185
171,26.93,28.1841,25.78,26.34,225663,28.74,28.44,25.77,,24.926037230268015,31.944672171849255,1.6685589828513863
172,26.71,27.98,26.36,27.94,184168,28.4,28.44,25.9,,24.808609286183767,31.96531346512118,1.6665190555048588
173,28.61,30.125,28.02,29.54,113326,28.29,28.52,26.07,,24.848772881305276,32.0437656855378,1.703553408683083
174,28.68,28.71,27.26,27.67,187575,27.98,28.5,26.19,,24.813084202721235,32.04118380326374,1.7447281652057198
175,27.64,30.24,27.64,29.63,360565,27.95,28.56,26.35,,24.79464538503823,32.12770128324648,1.8058190105481682
176,29.62,30.09,28.98,29.0,114507,27.86,28.61,26.5,,24.8145084638034,32.191230444302924,1.7561176526518705
177,30.5,30.65,28.97,29.83,284178,28.04,28.69,26.65,,24.83677456898349,32.30346007927279,1.750680677462451
178,30.29,30.825,30.05,30.29,380073,28.54,28.81,26.82,,24.81908512847273,32.431632957984775,1.6967034862151333
179,30.51,30.78,29.53,30.34,144546,28.95,28.95,26.98,,24.945426663286923,32.509810186004316,1.6647960943426239
180,29.75,30.34,28.76,29.24,132767,29.28,29.0,27.11,,25.050341280660785,32.55306205772002,1.6587392304610078
181,29.74,30.3,29.42,29.84,89356,29.49,29.11,27.26,,25.145233725127625,32.58115080724795,1.615972142570936
182,30.25,30.49,29.73,30.15,238400,29.55,29.11,27.41,,25.133680232260776,32.51051337505296,1.5548312752444402
183,29.95,31.6,29.71,31.0,903916,29.92,29.11,27.6,,25.18009033390997,32.49534239496641,1.578771898441266
184,31.34,33.96,31.19,32.48,361428,30.24,29.21,27.82,,25.091237664967462,33.13908981724491,1.6774310485526043
185,32.4,33.0,32.06,32.27,162249,30.6,29.29,28.02,,24.86909959429438,33.50636043484638,1.624757402227418
186,32.05,32.33,31.25,31.45,111890,30.78,29.37,28.21,,24.775317973799176,33.68813790880287,1.5858461592111737
187,31.73,32.5,31.4144,32.13,240504,30.99,29.49,28.41,,24.737709631077806,33.94653139568445,1.5501142906960899
188,32.71,33.0646,31.3,31.86,203024,31.16,29.67,28.6,,24.759558987815726,34.28700720514624,1.565434698503512
189,31.76,32.02,30.32,31.39,165576,31.4,29.95,28.71,,25.359609010998664,34.28930330595762,1.5750465057532614
190,31.32,31.58,30.23,31.26,48098,31.55,30.18,28.82,,25.957527593687477,34.13568417901867,1.5589717553423141
191,32.18,32.39,31.0,31.65,93947,31.72,30.45,28.9,,26.603919035415142,34.12910831939764,1.5469023442464347
192,32.19,32.64,31.55,32.11,144794,31.84,30.66,29.02,,27.177982507955694,34.02906698576686,1.5142664625145466
193,32.1,32.4792,31.52,32.08,51850,31.8,30.78,29.13,,27.417368778606924,34.12072231086653,1.4746188580492219
194,31.99,32.225,31.56,31.74,26634,31.74,30.99,29.25,,27.915039019635994,33.95856354658886,1.4167889396171347
195,31.96,34.68,31.86,34.53,200371,32.08,31.23,29.42,,28.386912689149945,34.44149045718262,1.5255897296444823
196,34.53,34.85,33.44,33.95,177517,32.29,31.48,29.59,,28.368994010135655,34.85235683245013,1.5173333203841624
197,33.25,34.33,33.02,33.92,102162,32.51,31.68,29.71,,28.518037501380125,35.11028526428505,1.502523797499579
198,34.82,35.76,33.78,34.12,220061,32.82,31.88,29.85,,28.43602444282572,35.65726467357802,1.5366292405353232
199,33.88,34.4064,32.38,33.06,76764,33.02,32.01,29.96,21.32,28.634396822332857,35.82288716267561,1.5716128662113713
200,32.73,33.15,32.01,32.86,72400,33.15,32.19,30.07,21.36,29.061801996142016,35.749670859915774,1.5407833757677019
201,33.24,33.5699,31.87,31.94,119923,33.13,32.3,30.16,21.39,29.37747596945664,35.6524383853275,1.5521488489271515
202,32.22,32.5,31.94,32.24,324456,33.15,32.4,30.25,21.43,29.661139016486434,35.476952724223764,1.4812810740037834
203,32.35,33.75,32.0595,33.14,269266,33.31,32.51,30.35,21.48,29.998487627740584,35.47878148669855,1.4962252830035132
204,33.06,33.38,32.3,32.54,101404,33.09,32.51,30.44,21.53,30.063212063978877,35.42626240433481,1.4664949056461198
205,32.67,32.955,31.08,31.63,220128,32.83,32.48,30.51,21.57,29.985615816482532,35.425097680386756,1.4956738409571113
206,31.19,31.6,30.04,30.88,198755,32.49,32.45,30.56,21.63,29.77383998122141,35.474006834644705,1.5024114237458892
207,31.21,32.85,30.5,32.35,268014,32.29,32.46,30.65,21.7,29.655442318188555,35.474486985175886,1.5629534649068972
208,32.52,32.7613,31.09,31.22,118991,32.09,32.43,30.71,21.76,29.63436113618174,35.467438047519124,1.5706925031278332
209,31.21,31.23,30.32,30.7,53481,31.85,32.4,30.77,21.84,29.63436113618174,35.5385640528764,1.523500181475845
210,31.47,32.87,31.4293,32.43,231582,31.9,32.45,30.86,21.93,29.80584760167596,35.49089394617169,1.569678739941856
211,32.7,32.8273,30.12,31.18,125940,31.79,32.43,30.93,22.03,29.654035645886033,35.48745023182656,1.6509374013745806
212,31.4,31.4,30.41,31.1,184217,31.56,32.38,30.95,22.13,29.51796382133313,35.559674419971756,1.6037275869906817
213,31.3,31.37,30.76,31.23,331076,31.41,32.34,30.95,22.22,29.444206465867968,35.6215987042365,1.532747045062776
214,31.57,32.01,30.2,30.43,203245,31.28,32.27,30.95,22.3,29.287082231503472,35.62890733544873,1.552550827558292
215,30.27,31.8,30.27,31.51,84580,31.35,32.12,30.97,22.38,29.144938627471078,35.43636958734043,1.5509400541612712
216,31.99,34.35,31.74,34.26,174362,31.56,32.14,31.06,22.49,29.25125465234684,35.340221655889486,1.6430157645783234
217,34.47,35.35,33.94,34.64,76642,31.94,32.17,31.15,22.6,29.11370051506696,35.5533709394659,1.6263717813941578
218,34.91,34.91,32.29,32.71,103357,32.17,32.1,31.24,22.69,29.278246306597808,35.340003875479105,1.6973452255802894
219,32.2,33.3199,32.2,32.81,81696,32.21,32.09,31.38,22.78,29.286934772658373,35.19404340728436,1.65609913803884
220,33.01,33.84,32.99,33.62,169658,32.48,32.13,31.52,22.87,29.223128794020106,35.264949314668655,1.6113777710360657
221,33.46,33.99,32.63,32.79,128816,32.67,32.17,31.65,22.97,29.198641413702507,35.31748473024367,1.5934222159620612
222,33.26,33.9999,32.92,33.64,86743,32.93,32.24,31.77,23.07,29.15733662276196,35.42685793178768,1.566027771964771
223,32.91,33.91,32.65,33.7,78901,33.3,32.27,31.85,23.17,29.140156437131814,35.446035627264784,1.5441686453958587
224,34.0,36.27,34.0,35.07,149355,33.69,32.39,32.0,23.27,28.99142444591149,35.99069832059124,1.6174423135818687
225,35.13,35.4085,33.43,34.32,94664,33.7,32.53,32.09,23.37,28.993475288178924,36.28110634456011,1.6432321483260208
226,34.3,36.23,33.93,35.05,269331,33.75,32.74,32.21,23.47,29.13062841238112,36.670736639155415,1.690144137731305
227,34.43,34.96,33.75,34.91,85053,33.99,32.87,32.32,23.57,29.255513555197254,36.82088043554152,1.662276699321926
228,34.99,34.99,32.51,33.51,185755,34.07,32.98,32.38,23.67,29.35756029711589,36.958699170595864,1.7206855065132174
229,33.87,33.87,31.59,32.44,119855,33.94,33.07,32.42,23.76,29.539677304327054,36.86288943216937,1.7606365417622731
230,31.48,32.1,30.78,31.74,145175,33.82,33.03,32.47,23.84,29.45269463480898,36.89853255362358,1.753448217350682
231,32.07,33.18,31.68,32.83,91524,33.73,33.12,32.53,23.93,29.69285544854416,36.89541483123157,1.7353447732542049
232,32.72,33.5826,32.16,32.47,112039,33.59,33.18,32.58,24.02,29.92856543289166,36.78014236633909,1.7130058608789047
233,32.73,32.73,31.8,32.46,66341,33.3,33.25,32.61,24.12,30.080292108949692,36.641067430122135,1.6570768708161254
234,32.8,32.9,31.6101,32.76,58469,33.13,33.36,32.61,24.21,30.354481641711764,36.56708503580342,1.6308499514721164
235,32.68,32.825,32.14,32.45,53495,32.84,33.41,32.62,24.3,30.706144712737785,36.456822467103954,1.5632892406526797
236,32.27,33.44,32.27,33.32,76430,32.66,33.36,32.65,24.4,30.766181591823514,36.42925078543266,1.5351971520346308
237,33.52,33.93,33.14,33.91,92222,32.71,33.33,32.69,24.5,30.822120281632362,36.28221859056492,1.4819687840321571
238,34.13,35.7,34.13,35.54,97165,33.05,33.47,32.76,24.61,30.7740585485442,36.4129232435886,1.5039710137441464
239,36.08,36.68,35.06,36.51,126929,33.58,33.65,32.87,24.72,30.630950173716474,36.825761542413765,1.512258798476707
240,36.84,37.6,36.29,36.71,127840,34.01,33.81,32.97,24.83,30.272817212015784,37.40975502892139,1.4978117414426566
241,36.93,37.44,35.62,36.34,75399,34.44,33.98,33.07,24.93,30.167035557283814,37.86345288570675,1.5208251884824668
242,36.06,39.4,36.06,38.79,472204,35.15,34.24,33.2,25.05,30.034024761292198,38.75984351930124,1.6507662464480046
243,39.51,39.8795,37.11,38.13,240785,35.74,34.46,33.32,25.15,29.83314017526294,39.625205774773406,1.7306758002731473
244,40.5,43.0,39.86,41.02,782573,36.7,34.76,33.51,25.28,29.128540377629584,41.1660524996039,1.9549132431107794
245,41.41,44.7,41.41,43.0,489165,37.77,35.19,33.68,25.42,28.400852953018447,42.966157663558384,2.0781337257457237
246,43.34,45.75,42.88,45.0,656803,39.0,35.69,33.9,25.57,27.649483080805062,44.700338534775724,2.134695602478172
247,45.62,48.75,45.45,47.34,771748,40.32,36.31,34.17,25.73,26.725694088354437,47.013373287096755,2.2500744880154455
248,47.01,49.04,43.21,48.51,590232,41.65,37.06,34.45,25.88,26.639837493350644,48.99168890637313,2.5057834531571994
249,48.62,50.21,45.07,45.46,314619,42.62,37.71,34.7,26.02,26.626540594224707,50.92549847791503,2.693941777931685
250,45.5,47.03,43.09,43.09,236932,43.37,38.28,34.91,26.14,27.178323177517697,51.81190967302241,2.78294593665085
251,43.59,44.665,41.6336,44.01,238005,43.95,38.84,35.15,26.28,27.80354720150134,52.23873867293149,2.8006926554615035
252,45.02,45.95,42.52,43.35,228432,44.53,39.38,35.37,26.42,28.416188233069896,52.749426280927814,2.8456431800713964
253,43.45,44.75,41.8,44.28,176036,44.89,39.98,35.59,26.57,29.243580523039444,52.896627743129145,2.8530972386377256
254,44.99,46.0,44.38,45.23,186724,45.14,40.6,35.85,26.71,30.129420890353842,53.056309132014576,2.7721617215921737
255,45.11,45.8688,41.77,42.18,207540,44.83,41.09,36.06,26.84,31.177124670310477,52.99662411241392,2.8669215986213037
256,42.5,43.24,40.33,42.69,198738,44.31,41.55,36.29,26.97,32.322510709130086,52.58515191327433,2.869998627291211
257,43.21,45.0,43.0,44.16,176954,43.83,42.07,36.53,27.1,33.43682581014932,52.17010271272218,2.829998725341839
258,44.11,45.31,43.26,45.03,117552,43.78,42.54,36.81,27.24,34.47714496793979,51.84785160368732,2.774284530674565
259,44.42,47.22,44.3616,46.3,145410,44.14,43.03,37.12,27.38,35.4138821479567,51.68557050424556,2.7802927784835245
260,46.42,48.74,45.5901,48.72,201278,44.66,43.63,37.44,27.53,36.12627413603708,51.67924014783003,2.8066932943061302
261,48.54,48.86,45.17,46.8,224164,45.04,44.15,37.76,27.67,37.25217145077839,51.37676551695753,2.8697866304271207
262,46.8,46.97,45.14,46.22,129647,45.26,44.53,38.06,27.81,38.52323907550164,50.95279878163095,2.7955161568251836
263,46.46,46.46,44.605,44.93,116642,45.23,44.87,38.33,27.94,39.78393745814477,50.33083265942687,2.728336431337671
264,44.74,45.5,43.4301,45.46,106453,45.59,45.09,38.63,28.07,40.348892125436166,50.15305848656887,2.681305257670694
265,45.38,47.57,44.7,44.89,142146,45.83,45.18,38.9,28.2,40.61298319481342,50.22346141418727,2.6947834535513584
266,44.9,47.37,44.05,45.58,222886,45.99,45.21,39.13,28.33,40.68264896155559,50.292560481342676,2.73944177829769
267,45.96,46.46,44.87,44.95,118496,45.98,45.09,39.33,28.45,40.718474242791785,50.04909210495596,2.6573387941335698
268,44.36,45.0,41.71,42.01,110797,45.51,44.77,39.52,28.55,40.52514676135261,49.71845507730451,2.702528880266886
269,42.66,44.7,42.42,42.6,109557,44.83,44.62,39.72,28.65,40.44656626675577,48.99806794974665,2.701633960247823
270,42.19,45.125,41.68,44.77,124653,44.6,44.71,39.94,28.77,40.279740638595165,48.90394674212256,2.754731534515836
271,46.46,47.285,45.52,47.11,128946,44.7,44.86,40.23,28.91,40.43168266126428,49.010120220593535,2.7376078534789903
272,47.38,48.4981,45.48,45.52,112239,44.77,44.97,40.46,29.04,40.49778244644897,49.31892179783976,2.75764300680192
273,45.18,46.75,44.69,45.44,226398,44.76,45.03,40.7,29.17,40.73802175514854,49.334675348289885,2.707811363458926
274,45.55,47.255,45.24,45.42,110471,44.82,45.04,40.91,29.31,40.723718927225335,49.41533470502666,2.6583248374975743
275,45.44,46.0,44.53,45.57,123826,44.82,45.21,41.13,29.45,41.00819391433301,49.41695755023943,2.573444491962033
276,46.29,47.94,45.95,46.22,192507,44.96,45.39,41.35,29.59,41.71187983126319,49.29772744207118,2.5589127425361733
277,46.19,46.48,44.29,44.87,101124,45.28,45.42,41.55,29.73,41.84712135183264,49.24914255904973,2.5325618323550176
278,44.8,46.29,44.38,44.91,145415,45.54,45.41,41.78,29.88,41.95507810905774,49.213384226215545,2.4880931300439446
279,45.27,45.5678,43.008,43.67,91947,45.41,45.28,42.01,30.02,41.810026510149605,49.18666069513956,2.4932150493265195
280,43.74,43.88,43.15,43.87,48645,45.05,45.04,42.25,30.15,41.71028083958875,49.069904823039664,2.3672711172317684
=======
0,24.89,25.12,23.89,25.03,39931,,,,,,,1.2300000000000004
1,24.89,25.48,23.6021,24.13,69154,,,,,,,1.2762785714285718
2,24.61,24.61,23.7,24.15,56466,,,,,,,1.250115816326531
3,23.59,23.59,22.15,22.83,91703,,,,,,,1.3036789723032072
4,22.53,22.56,20.34,21.93,265577,,,,,,,1.3884161885672637
5,19.99,20.41,19.409,19.409,151758,,,,,,,1.4693150322410307
6,20.45,20.45,18.96,19.69,88802,,,,,,,1.4707925299380997
7,18.97,19.27,18.075,18.31,120067,,,,,,,1.4810930635139499
8,17.0,17.13,15.19,15.24,105596,21.19,,,,,,1.598157844691525
9,16.43,16.43,13.74,14.25,193422,19.99,,,,,,1.676146570070702
10,12.69,13.26,10.59,10.68,161353,18.5,,,,,,1.8178503864942233
11,11.0,11.99,10.16,11.83,141574,17.13,,,,,,1.8187182160303503
12,11.08,12.3,10.13,12.23,136020,15.95,,,,,,1.8438097720281825
13,12.16,15.66,12.0301,15.66,171277,15.26,,,,,,1.971387645454741
14,15.68,15.79,13.3701,13.81,238446,14.63,,,,,,2.0034242422079735
15,13.82,13.82,12.44,12.71,87729,13.86,,,,,,1.9588939391931184
16,13.72,14.4,13.26,13.53,92793,13.33,,,,,,1.939687229250753
17,13.62,15.18,13.5,14.23,88111,13.21,,,,,,1.9211381414471278
18,14.6,15.485,14.09,15.16,93187,13.32,,,,,,1.8835568456294758
19,14.53,15.18,14.11,14.57,70168,13.75,16.97,,,6.7310111529288275,26.76661681930575,1.8254456423702277
20,14.68,14.695,13.28,13.45,97736,13.93,16.39,,,6.868624677151525,25.66606538724158,1.7961280964866402
21,13.51,14.33,13.01,14.04,182966,14.13,15.89,,,7.1315294344919895,24.272977649569906,1.7621189467375946
22,13.6,14.48,13.28,14.22,96411,13.97,15.39,,,7.69949938575052,22.86033333120959,1.7219675933991951
23,14.09,14.84,13.9,14.63,82335,14.06,14.98,,,8.291717991649534,21.47760021618589,1.6661127652992527
24,14.55,14.725,13.78,14.61,67246,14.27,14.61,,,8.742686717637941,20.13343967729668,1.6146047106350205
25,15.67,15.67,14.28,14.57,112664,14.39,14.37,,,9.210014257822706,19.28248230788837,1.5985615170182335
26,15.25,16.18,13.42,13.66,93235,14.32,14.07,,,9.753189958094717,18.286027175738347,1.6815214086597883
27,14.1,15.03,14.09,14.21,113419,14.22,13.86,,,10.328549329944888,17.393320088112617,1.6592698794698035
28,14.69,15.52,14.505,15.39,114173,14.31,13.87,,,10.389256448291224,17.101000406159578,1.634322030936246
29,15.48,15.48,14.76,15.01,65108,14.48,13.91,,,10.346903915784939,16.946464691069206,1.5690133144407998
30,15.51,15.945,15.03,15.28,75964,14.62,14.14,,,10.708371085891029,17.038695460858957,1.5237266491236
31,14.64,14.64,13.87,14.32,90333,14.63,14.26,,,11.352279182433264,16.72430181909594,1.515603317043343
32,14.19,14.62,12.78,13.05,86732,14.46,14.31,,,12.129778522768452,16.33134066121814,1.5387745086831042
33,13.64,16.03,13.45,14.7,106264,14.47,14.26,,,12.39887519556745,16.39594704194889,1.641719186634311
34,14.32,14.45,13.55,13.73,88947,14.37,14.25,,,12.41524695269977,16.317669912823646,1.606596387589003
35,13.23,14.17,13.23,14.0,67332,14.41,14.32,,,12.575650257797399,16.27343794833483,1.5589823599040744
36,14.16,14.51,12.775,13.48,81893,14.33,14.32,,,12.490064384952014,16.267499243923904,1.5715550484823548
37,13.6,14.31,13.55,14.13,80640,14.19,14.31,,,12.494348336059296,16.267327958953942,1.5185868307336154
38,14.11,14.58,13.64,13.94,58589,14.07,14.25,,,12.482510167506124,16.2158845220548,1.4772591999669287
39,14.06,14.96,13.84,14.81,85516,14.02,14.26,,,12.481403000124581,16.20093078214626,1.4517406856835768
40,15.41,15.94,14.98,15.77,73769,14.18,14.38,,,12.457817228810704,16.330561870776723,1.42875920813475
41,16.47,16.88,15.5,15.79,218999,14.48,14.46,,,12.430461238060989,16.656437323157512,1.4252764075536963
42,15.66,16.975,14.93,16.49,89402,14.68,14.58,,,12.477419860946117,16.95162956058415,1.4695423784427182
43,15.95,16.08,15.0,15.17,85731,14.84,14.61,,,12.468155237472978,17.037751916122133,1.4710036371253812
44,14.66,15.4,14.66,15.27,56779,14.98,14.64,,,12.494662083010464,17.047202820005555,1.4187890916164254
45,15.9,16.76,15.3,15.58,82504,15.22,14.69,,,12.457678228442994,17.210186556986578,1.4238755850723952
46,16.03,16.82,14.93,15.07,91884,15.32,14.76,,,12.534263174547487,17.320461703820506,1.4571701861386528
47,16.38,19.14,16.22,18.24,183360,15.8,14.96,,,12.420061818933737,18.134948157511165,1.643800887128749
48,18.2839,18.76,17.87,18.67,55441,16.23,15.12,,,12.01363993939946,18.656356401665942,1.5899579666195527
49,18.14,18.14,16.77,17.3,62680,16.4,15.24,15.76,,11.913779703621046,18.965859132273597,1.6121038261467278
50,17.26,17.6936,16.16,16.2,59889,16.44,15.29,15.58,,11.885257423632346,19.151957475695813,1.60649640999339
51,15.94,16.4887,15.28,16.0,77351,16.39,15.37,15.42,,11.967645962353568,19.177987137340008,1.578082380708148
52,15.4566,15.79,14.61,15.18,61455,16.39,15.48,15.24,,12.213411241104664,19.157783490444682,1.5646479249432805
53,15.07,15.75,15.06,15.58,51427,16.42,15.52,15.1,,12.373043511245111,19.14968176859912,1.5021730731616176
54,16.66,18.08,16.42,17.96,110896,16.69,15.73,15.02,,12.51163251985525,19.32973653248073,1.5734464250786449
55,17.65,17.705,16.55,16.57,53673,16.86,15.86,14.96,,12.741919523695776,19.375155844760965,1.5617716804301702
56,16.96,17.705,16.93,17.59,46572,16.78,16.07,14.92,,13.116613627704357,19.411176144223667,1.5312879889708724
57,17.55,17.97,17.11,17.68,58365,16.67,16.24,14.9,,13.350523978370225,19.403037024914855,1.4833388469015243
58,17.77,17.77,17.36,17.54,39988,16.7,16.42,14.95,,13.600800563806107,19.343872485073454,1.4066717864085583
59,18.25,18.73,17.83,18.48,58974,16.95,16.61,15.04,,13.815330453955609,19.430323840979387,1.3911952302365187
60,19.17,19.74,18.76,19.6,60817,17.35,16.8,15.21,,13.726490536704977,19.800510865473356,1.3818241423624815
61,20.01,20.01,18.35,18.46,50964,17.72,16.93,15.35,,13.704299689456144,20.206229816207383,1.401693846479447
62,18.13,18.89,17.75,18.79,63431,18.07,17.05,15.48,,13.853416245072202,20.34895198200816,1.3830014288737722
63,18.85,19.04,18.51,18.6,46412,18.15,17.22,15.54,,13.966603629735836,20.453521793728367,1.3220727553827882
64,18.94,19.7,18.64,19.44,66917,18.46,17.43,15.65,,14.188106852271066,20.535760016068654,1.3062104157125891
65,19.91,20.34,19.69,19.97,50527,18.73,17.65,15.79,,14.216280914523558,20.84008037294112,1.2771953860188328
66,19.73,20.2,19.39,19.92,54691,18.98,17.89,15.92,,14.436455894745837,21.065993622461416,1.2438242870174876
67,20.75,22.68,20.625,21.86,71619,19.46,18.07,16.07,,14.331160843165879,21.85140478022098,1.3521225522305242
68,22.51,22.82,21.77,21.85,66144,19.83,18.23,16.21,,13.988703921800466,22.567282488823608,1.3305423699283438
69,21.35,21.72,20.75,21.46,34381,20.04,18.44,16.35,,13.970999307368528,22.954196498392108,1.3140750577906053
70,21.35,21.35,20.05,20.28,43531,20.24,18.64,16.48,,14.138235065893134,23.22979422812243,1.3209268393769906
71,19.35,19.65,18.22,18.31,82085,20.19,18.76,16.57,,14.511275508481173,23.19979932857052,1.3737177794214914
72,19.33,19.69,18.74,18.94,12635,20.23,18.94,16.66,,15.126565294018945,23.034656532044693,1.3741665094628137
73,18.2,18.44,15.84,18.3101,301907,20.1,19.08,16.74,,15.318175963664412,22.755195612692717,1.49744033021547
74,19.06,19.27,17.16,17.38,198645,19.81,19.05,16.79,,15.440146182919142,22.736726667529297,1.5411945923429362
75,17.5,17.73,17.1,17.39,99249,19.53,19.09,16.85,,15.532254020043684,22.734620040207123,1.4761092643184408
76,17.15,17.68,16.91,16.97,83539,18.99,19.06,16.91,,15.528995039055527,22.736769586563057,1.425672888295695
77,17.14,17.2,16.15,16.47,186339,18.39,19.0,16.96,,15.357263684661966,22.8056695925617,1.3988391105602882
78,16.25,16.47,15.81,15.98,100888,17.78,18.92,16.97,,15.091478941772081,22.947807522603338,1.3460648883774102
79,16.37,16.92,16.11,16.71,61392,17.38,18.83,17.01,,14.856869351143356,23.043505587443175,1.3170602534933096
80,16.41,16.41,15.945,16.08,56101,17.14,18.66,17.02,,14.566317412852595,23.127434427135583,1.2776273782437875
81,15.96,16.54,15.69,16.52,43540,16.87,18.56,17.07,,14.268128668590215,23.131391331011944,1.2470825655120885
82,16.25,16.53,15.58,15.87,44011,16.6,18.42,17.12,,14.00272646856683,23.180072230238657,1.2258623822612251
83,16.23,17.16,15.89,16.88,31706,16.54,18.33,17.17,,13.779025269515401,23.168203854090514,1.2304436406711379
84,16.66,16.88,16.33,16.66,50708,16.46,18.19,17.22,,13.63219483269142,23.10546368966034,1.1818405234803424
85,16.87,16.92,16.42,16.49,29106,16.41,18.02,17.27,,13.54568959428626,22.94586145878826,1.1331376289460324
86,16.93,16.93,16.31,16.42,22839,16.4,17.84,17.33,,13.457925573843314,22.77699581166754,1.096484941164173
87,16.83,17.11,16.61,16.8,30352,16.49,17.59,17.39,,13.560135405269815,22.04534693987598,1.0674503025095892
88,16.55,16.85,16.26,16.26,27212,16.44,17.31,17.43,,13.99133925065827,21.105552167192712,1.0333467094731899
89,16.19,16.58,15.83,16.18,27309,16.45,17.05,17.46,,14.350634016401221,20.33758492075274,1.0131076587965333
90,16.01,16.09,15.51,15.62,29251,16.35,16.81,17.46,,14.719164748412295,19.51405767421258,0.9885999688824952
91,15.56,16.45,15.56,16.38,28082,16.41,16.72,17.47,,14.772707964800713,19.09637831322773,0.9815571139623169
92,16.66,16.95,16.234,16.54,25477,16.37,16.6,17.47,,15.180692076144844,18.55381449161695,0.9625887486792941
93,16.55,16.99,16.46,16.98,28376,16.41,16.53,17.51,,15.215415133545969,18.332137736325993,0.9316895523450587
94,17.0,18.23,17.0,18.05,57684,16.58,16.56,17.56,,15.23858292768661,17.94836294822493,0.9544260128918403
95,18.03,18.05,17.21,17.4,23984,16.69,16.56,17.6,,15.22072561466716,18.025499932898942,0.9462527262567088
96,17.31,17.71,17.08,17.22,22116,16.74,16.58,17.64,,15.200158150738861,18.03136705214973,0.9236632458098012
97,17.06,17.18,16.85,17.09,20262,16.83,16.61,17.62,,15.194253161340296,18.029425671150566,0.884115871109101
98,17.32,17.5,16.79,16.93,37057,16.91,16.65,17.58,,15.2351427981391,18.083278076587504,0.8716790231727367
99,16.63,17.23,16.63,17.0,24654,17.07,16.67,17.58,,15.253489977830222,18.102878320447875,0.8522733786603984
100,16.85,17.79,16.8,17.67,20768,17.21,16.75,17.61,,15.289159752210297,18.18540791476941,0.8621109944703699
101,17.52,17.93,17.52,17.81,100724,17.35,16.81,17.64,,15.308097938490336,18.28548864290804,0.8298173520082006
102,17.92,17.92,17.27,17.77,59679,17.44,16.91,17.69,,15.411857173954665,18.36457336846075,0.8169732554361865
103,17.7,17.735,16.8,16.86,64231,17.31,16.91,17.72,,15.493278815071717,18.415434263765803,0.8279037371907445
104,16.87,17.68,16.87,17.6,67884,17.33,16.95,17.71,,15.518932810337036,18.456699427654833,0.8273391845342628
105,17.18,17.91,17.09,17.87,70402,17.4,17.02,17.74,,15.534643802446336,18.523771443948522,0.8268149570675298
106,17.62,17.77,16.72,17.22,89988,17.41,17.06,17.73,,15.5653530976388,18.56401370780126,0.8498996029912779
107,17.31,17.62,17.16,17.27,37742,17.45,17.09,17.72,,15.570073615663865,18.5867382153353,0.8220496313490439
108,17.21,17.7,17.15,17.61,103852,17.52,17.15,17.72,,15.614480956825625,18.605539910261637,0.8026175148241123
109,17.89,18.07,17.47,18.04,85366,17.56,17.25,17.72,,15.73363895399782,18.634879976258084,0.7881448351938186
110,18.05,18.63,17.83,18.38,108196,17.62,17.38,17.69,,15.943062892650222,18.645545816435064,0.7889916326799745
111,19.11,21.41,18.66,20.01,193256,17.87,17.57,17.72,,16.028834271684968,19.743115260517204,0.9490636589171193
112,21.0,22.91,20.99,21.85,159074,18.43,17.83,17.78,,15.333894829185017,21.047082216891713,1.0884162547087535
113,22.16,22.59,21.425,21.45,142676,18.86,18.06,17.84,,14.906368839298425,21.87514839179961,1.0938865222295568
114,21.88,22.23,21.53,21.7,100620,19.28,18.24,17.89,,14.614610235381626,22.462535060754927,1.0714660563560172
115,21.48,21.91,21.21,21.42,40442,19.75,18.44,17.91,,14.482725403315062,22.906056295487506,1.0449327666163017
116,21.38,22.06,20.7436,21.96,38751,20.27,18.68,17.96,,14.488432868914689,23.323987984986687,1.064323283286566
117,22.0,22.31,21.66,21.95,119652,20.75,18.92,17.96,,14.474252273794708,23.713055031073864,1.0347287630518112
118,21.78,21.78,21.36,21.5,69942,21.14,19.15,17.95,,14.571940383535612,23.965616536346253,1.0029624228338245
119,21.66,22.18,21.3,21.41,118438,21.47,19.37,17.95,,14.75652900514148,24.21831646603121,0.9941793926314084
120,21.16,21.5,21.05,21.31,46770,21.62,19.55,17.97,,14.981896793636786,24.358525632016082,0.9553094360148793
121,21.2,21.95,21.05,21.65,171913,21.59,19.74,18.04,,15.139210265991156,24.529817008712453,0.9513587620138164
122,21.79,21.98,20.905,21.2,98834,21.57,19.91,18.08,,15.371381717222963,24.664325956261997,0.9601902790128295
123,21.53,21.79,21.31,21.59,91990,21.55,20.15,18.15,,15.716569942029773,24.717415126950595,0.9337481162261988
124,21.56,22.1398,21.42,21.47,92016,21.56,20.34,18.23,,16.10286981197648,24.753653444342575,0.9184661079243274
125,21.6,22.08,21.42,21.75,77686,21.54,20.54,18.32,,16.50506468836689,24.748408241449923,0.9000042430725895
126,21.87,22.19,21.71,22.16,92048,21.56,20.78,18.42,,17.066942624264286,24.66649403445871,0.8700039399959761
127,22.08,22.16,21.54,21.82,129582,21.6,21.01,18.53,,17.61748650638493,24.45215654549403,0.8521465157105493
128,21.72,22.55,21.67,22.47,136782,21.71,21.25,18.66,,18.29044977084925,24.13576088105704,0.8541360503026529
129,22.49,22.5,21.9,22.43,115898,21.84,21.47,18.77,,19.021309543112558,23.6588935863278,0.835983475281035
130,22.5,23.635,22.1,22.21,189226,21.9,21.67,18.89,,19.855757186653108,23.180368194264606,0.8859132270466754
131,22.67,23.16,22.15,22.78,148056,22.08,21.8,19.02,,20.666573319803465,23.285801365920896,0.8947765679719131
132,22.64,22.64,21.63,21.63,92122,22.08,21.79,19.13,,20.721786445744144,23.24354084572632,0.9130068131167766
133,21.78,21.93,21.12,21.6,144587,22.09,21.8,19.23,,20.691432411621744,23.209151523194215,0.9056491836084353
134,21.76,22.025,21.44,21.92,84148,22.11,21.81,19.33,,20.68815821911377,23.20336522707368,0.8827456704935469
135,21.97,22.59,21.83,22.1,69000,22.11,21.85,19.45,,20.70700167191498,23.238753636231664,0.8739781226011508
136,22.27,22.46,21.85,22.15,158520,22.14,21.85,19.56,,20.825213289402196,23.258110645360063,0.8551225424153542
137,22.49,22.69,22.03,22.185,60810,22.11,21.87,19.67,,20.80928767220511,23.294336907148782,0.8411852179571147
138,22.66,26.3699,22.34,26.17,168608,22.53,22.1,19.87,,20.78142858886032,24.578050231624786,1.0800219881030353
139,25.955,26.15,25.2301,25.94,101717,22.94,22.33,20.06,,19.978347526616858,25.329251874931053,1.0700132746671043
140,26.12,27.25,25.855,27.24,181482,23.44,22.62,20.29,,19.49633191299427,26.241964541910324,1.0932266121908825
141,26.73,26.73,25.27,26.05,139952,23.93,22.84,20.49,,19.368351317264757,26.837775110083225,1.1558532827486765
142,26.38,27.09,26.08,26.67,155984,24.49,23.12,20.69,,19.22682403347092,27.424757415921313,1.1475780482666282
143,26.75,27.52,25.65,25.68,210455,24.91,23.32,20.86,,19.207256615307053,28.00940442998801,1.1991796162475834
144,25.76,26.6,25.06,26.16,86986,25.36,23.56,21.03,,19.29491568390761,28.33481694486821,1.2235239293727562
145,26.05,26.36,25.595,25.72,112497,25.76,23.75,21.19,,19.381340764823385,28.569008276371477,1.1907722201318451
146,26.1,28.3638,26.1,27.57,89308,26.36,24.02,21.4,,19.432590171614777,29.137297968585614,1.2945599186938563
147,27.91,27.91,26.5238,27.43,156240,26.5,24.31,21.61,,19.526968761091823,29.516688134621752,1.3011056387871525
148,27.43,28.11,27.24,27.48,94419,26.67,24.56,21.82,,19.595057144435835,29.88486181104736,1.2703123788737847
149,27.89,27.93,26.22,27.04,197886,26.64,24.79,22.02,,19.78924428795783,30.150395618192007,1.3017186375256573
150,26.45,27.94,26.36,27.56,122059,26.81,25.05,22.22,,19.990138761787023,30.423040740510608,1.3215958777023962
151,27.61,28.74,27.35,27.95,119498,26.95,25.31,22.42,,20.1638815269357,30.755127736929566,1.326481886437939
152,28.31,28.89,27.34,27.94,371326,27.21,25.63,22.62,,20.50369759955375,30.996765600361904,1.3424474659780863
153,28.17,28.98,27.76,28.12,104951,27.42,25.95,22.85,,21.01753961475842,31.062104264632563,1.3337012184082229
154,28.6,28.85,28.035,28.38,117377,27.72,26.28,23.06,,21.547926888002454,30.98121332519263,1.2966511313790643
155,28.55,28.82,27.65,28.0,79786,27.77,26.57,23.27,,22.126811136859946,30.844254092685283,1.2876046219948456
156,28.19,28.47,27.72,28.23,168381,27.86,26.88,23.49,,22.828670388869842,30.426039016849415,1.2492042918523567
157,27.92,28.85,27.6,27.87,73231,27.9,27.16,23.7,,23.658559185777793,29.73915426137139,1.2492611281486168
158,27.42,28.24,26.79,27.61,112725,27.96,27.23,23.9,,24.651242176858744,29.720403666881793,1.263599618995144
159,27.17,28.84,27.17,28.15,64405,28.03,27.34,24.1,,24.839721681614233,29.70594643258139,1.292628217638348
160,28.09,28.78,27.325,27.69,107614,28.0,27.36,24.29,,24.932820285710413,29.773335614336904,1.3042262020927518
161,29.18,31.09,29.16,30.25,436923,28.26,27.58,24.49,,24.964524342147495,30.339423796786782,1.4539243305146978
162,30.68,31.68,30.45,30.99,301574,28.57,27.79,24.67,,24.678656138710295,30.98178404641357,1.452215449763648
163,31.01,31.38,30.36,30.51,120765,28.81,28.03,24.86,,24.636485004075297,31.430282905874364,1.421342917637673
164,30.8,30.8,30.0,30.49,205692,29.09,28.25,25.03,,24.877426789963025,31.59177614378318,1.3769612806635536
165,31.05,31.05,29.25,29.92,106798,29.28,28.46,25.2,,25.14693912205743,31.686689165302745,1.4071783320447284
166,29.43,30.23,28.22,29.83,123748,29.49,28.57,25.36,,25.374787573758454,31.790119691545204,1.4502370226129622
167,29.66,30.195,28.04,28.16,76421,29.55,28.61,25.48,,25.537422743626962,31.849435050032465,1.500577235283465
168,27.36,27.475,25.21,25.78,250356,29.29,28.52,25.57,,25.152840900636427,31.902482197166826,1.6041074327632174
169,25.65,27.32,25.6057,26.64,210459,29.17,28.5,25.67,,25.030811739878683,31.957533837589562,1.6119783304229878
170,26.93,28.1841,25.78,26.34,225663,28.74,28.44,25.77,,24.92603723026802,31.94467217185005,1.6685584496784887
171,26.71,27.98,26.36,27.94,184168,28.4,28.44,25.9,,24.808609286183774,31.965313465121948,1.6665185604157395
172,28.61,30.125,28.02,29.54,113326,28.29,28.52,26.07,,24.848772881305287,32.043765685538574,1.7035529489574723
173,28.68,28.71,27.26,27.67,187575,27.98,28.5,26.19,,24.81308420272125,32.04118380326451,1.7447277383176527
174,27.64,30.24,27.64,29.63,360565,27.95,28.56,26.35,,24.794645385038237,32.127701283247255,1.805818614152106
175,29.62,30.09,28.98,29.0,114507,27.86,28.61,26.5,,24.814508463803406,32.1912304443037,1.7561172845698128
176,30.5,30.65,28.97,29.83,284178,28.04,28.69,26.65,,24.836774568983497,32.30346007927357,1.750680335671969
177,30.29,30.825,30.05,30.29,380073,28.54,28.81,26.82,,24.81908512847274,32.431632957985556,1.696703168838257
178,30.51,30.78,29.53,30.34,144546,28.95,28.95,26.98,,24.945426663286927,32.509810186005126,1.6647957996355243
179,29.75,30.34,28.76,29.24,132767,29.28,29.0,27.11,,25.05034128066079,32.55306205772084,1.6587389568044153
180,29.74,30.3,29.42,29.84,89356,29.49,29.11,27.26,,25.14523372512763,32.5811508072488,1.615971888461243
181,30.25,30.49,29.73,30.15,238400,29.55,29.11,27.41,,25.133680232260783,32.51051337505382,1.5548310392854399
182,29.95,31.6,29.71,31.0,903916,29.92,29.11,27.6,,25.18009033390997,32.49534239496727,1.5787716793364799
183,31.34,33.96,31.19,32.48,361428,30.24,29.21,27.82,,25.091237664967473,33.139089817245626,1.67743084509816
184,32.4,33.0,32.06,32.27,162249,30.6,29.29,28.02,,24.869099594294386,33.506360434847046,1.6247572133054342
185,32.05,32.33,31.25,31.45,111890,30.78,29.37,28.21,,24.775317973799183,33.68813790880352,1.5858459837836174
186,31.73,32.5,31.4144,32.13,240504,30.99,29.49,28.41,,24.737709631077813,33.946531395685085,1.5501141277990733
187,32.71,33.0646,31.3,31.86,203024,31.16,29.67,28.6,,24.759558987815737,34.28700720514685,1.5654345472419964
188,31.76,32.02,30.32,31.39,165576,31.4,29.95,28.71,,25.359609010998668,34.28930330595827,1.5750463652961397
189,31.32,31.58,30.23,31.26,48098,31.55,30.18,28.82,,25.957527593687473,34.1356841790194,1.558971624917844
190,32.18,32.39,31.0,31.65,93947,31.72,30.45,28.9,,26.603919035415146,34.12910831939844,1.5469022231379983
191,32.19,32.64,31.55,32.11,144794,31.84,30.66,29.02,,27.1779825079557,34.029066985767784,1.5142663500567128
192,32.1,32.4792,31.52,32.08,51850,31.8,30.78,29.13,,27.41736877860693,34.12072231086747,1.4746187536240907
193,31.99,32.225,31.56,31.74,26634,31.74,30.99,29.25,,27.915039019635998,33.95856354658995,1.4167888426509414
194,31.96,34.68,31.86,34.53,200371,32.08,31.23,29.42,,28.386912689149963,34.441490457183605,1.5255896396044455
195,34.53,34.85,33.44,33.95,177517,32.29,31.48,29.59,,28.368994010135662,34.85235683245106,1.5173332367755568
196,33.25,34.33,33.02,33.92,102162,32.51,31.68,29.71,,28.51803750138013,35.110285264285956,1.5025237198630166
197,34.82,35.76,33.78,34.12,220061,32.82,31.88,29.85,,28.436024442825726,35.65726467357886,1.5366291684442295
198,33.88,34.4064,32.38,33.06,76764,33.02,32.01,29.96,,28.634396822332864,35.82288716267646,1.5716127992696414
199,32.73,33.15,32.01,32.86,72400,33.15,32.19,30.07,21.36,29.061801996142023,35.74967085991669,1.5407833136075242
200,33.24,33.5699,31.87,31.94,119923,33.13,32.3,30.16,21.39,29.377475969456643,35.652438385328516,1.5521487912069867
201,32.22,32.5,31.94,32.24,324456,33.15,32.4,30.25,21.43,29.66113901648644,35.47695272422491,1.4812810204064875
202,32.35,33.75,32.0595,33.14,269266,33.31,32.51,30.35,21.48,29.9984876277406,35.47878148669976,1.4962252332345956
203,33.06,33.38,32.3,32.54,101404,33.09,32.51,30.44,21.53,30.063212063978884,35.42626240433602,1.466494859432125
204,32.67,32.955,31.08,31.63,220128,32.83,32.48,30.51,21.57,29.98561581648255,35.42509768038798,1.4956737980441162
205,31.19,31.6,30.04,30.88,198755,32.49,32.45,30.56,21.63,29.773839981221418,35.47400683464588,1.502411383898108
206,31.21,32.85,30.5,32.35,268014,32.29,32.46,30.65,21.7,29.655442318188566,35.474486985177066,1.562953427905386
207,32.52,32.7613,31.09,31.22,118991,32.09,32.43,30.71,21.76,29.634361136181752,35.4674380475203,1.570692468769287
208,31.21,31.23,30.32,30.7,53481,31.85,32.4,30.77,21.84,29.63436113618176,35.53856405287751,1.5235001495714806
209,31.47,32.87,31.4293,32.43,231582,31.9,32.45,30.86,21.93,29.80584760167597,35.49089394617286,1.5696787103163747
210,32.7,32.8273,30.12,31.18,125940,31.79,32.43,30.93,22.03,29.654035645886047,35.48745023182775,1.6509373738652051
211,31.4,31.4,30.41,31.1,184217,31.56,32.38,30.95,22.13,29.517963821333137,35.55967441997287,1.6037275614462618
212,31.3,31.37,30.76,31.23,331076,31.41,32.34,30.95,22.22,29.44420646586798,35.62159870423756,1.5327470213429575
213,31.57,32.01,30.2,30.43,203245,31.28,32.27,30.95,22.3,29.28708223150348,35.62890733544979,1.5525508055327462
214,30.27,31.8,30.27,31.51,84580,31.35,32.12,30.97,22.38,29.144938627471085,35.4363695873415,1.5509400337089787
215,31.99,34.35,31.74,34.26,174362,31.56,32.14,31.06,22.49,29.25125465234685,35.340221655890595,1.6430157455869088
216,34.47,35.35,33.94,34.64,76642,31.94,32.17,31.15,22.6,29.113700515066967,35.553370939466944,1.6263717637592727
217,34.91,34.91,32.29,32.71,103357,32.17,32.1,31.24,22.69,29.27824630659781,35.340003875480214,1.697345209205039
218,32.2,33.3199,32.2,32.81,81696,32.21,32.09,31.38,22.78,29.286934772658388,35.19404340728551,1.6560991228332502
219,33.01,33.84,32.99,33.62,169658,32.48,32.13,31.52,22.87,29.223128794020116,35.264949314669785,1.6113777569165897
220,33.46,33.99,32.63,32.79,128816,32.67,32.17,31.65,22.97,29.198641413702518,35.31748473024479,1.5934222028511191
221,33.26,33.9999,32.92,33.64,86743,32.93,32.24,31.77,23.07,29.15733662276196,35.42685793178878,1.5660277597903247
222,32.91,33.91,32.65,33.7,78901,33.3,32.27,31.85,23.17,29.14015643713182,35.446035627265886,1.5441686340910157
223,34.0,36.27,34.0,35.07,149355,33.69,32.39,32.0,23.27,28.991424445911502,35.9906983205922,1.6174423030845146
224,35.13,35.4085,33.43,34.32,94664,33.7,32.53,32.09,23.37,28.99347528817893,36.281106344561,1.6432321385784778
225,34.3,36.23,33.93,35.05,269331,33.75,32.74,32.21,23.47,29.130628412381128,36.67073663915626,1.690144128680015
226,34.43,34.96,33.75,34.91,85053,33.99,32.87,32.32,23.57,29.25551355519726,36.820880435542364,1.6622766909171567
227,34.99,34.99,32.51,33.51,185755,34.07,32.98,32.38,23.67,29.357560297115896,36.9586991705967,1.7206854987087887
228,33.87,33.87,31.59,32.44,119855,33.94,33.07,32.42,23.76,29.539677304327054,36.86288943217028,1.7606365345153037
229,31.48,32.1,30.78,31.74,145175,33.82,33.03,32.47,23.84,29.452694634808978,36.89853255362447,1.7534482106213531
230,32.07,33.18,31.68,32.83,91524,33.73,33.12,32.53,23.93,29.69285544854417,36.89541483123246,1.7353447670055424
231,32.72,33.5826,32.16,32.47,112039,33.59,33.18,32.58,24.02,29.928565432891663,36.78014236634005,1.7130058550765752
232,32.73,32.73,31.8,32.46,66341,33.3,33.25,32.61,24.12,30.0802921089497,36.641067430123165,1.6570768654282482
233,32.8,32.9,31.6101,32.76,58469,33.13,33.36,32.61,24.21,30.354481641711775,36.56708503580451,1.6308499464690875
234,32.68,32.825,32.14,32.45,53495,32.84,33.41,32.62,24.3,30.706144712737796,36.45682246710512,1.56328923600701
235,32.27,33.44,32.27,33.32,76430,32.66,33.36,32.65,24.4,30.76618159182352,36.42925078543382,1.5351971477207949
236,33.52,33.93,33.14,33.91,92222,32.71,33.33,32.69,24.5,30.822120281632372,36.28221859056612,1.4819687800264523
237,34.13,35.7,34.13,35.54,97165,33.05,33.47,32.76,24.61,30.77405854854421,36.412923243589745,1.5039710100245633
238,36.08,36.68,35.06,36.51,126929,33.58,33.65,32.87,24.72,30.630950173716485,36.82576154241481,1.5122587950228086
239,36.84,37.6,36.29,36.71,127840,34.01,33.81,32.97,24.83,30.27281721201579,37.4097550289223,1.4978117382354652
240,36.93,37.44,35.62,36.34,75399,34.44,33.98,33.07,24.93,30.16703555728382,37.86345288570758,1.5208251855043606
241,36.06,39.4,36.06,38.79,472204,35.15,34.24,33.2,25.05,30.0340247612922,38.759843519301945,1.6507662436826203
242,39.51,39.8795,37.11,38.13,240785,35.74,34.46,33.32,25.15,29.83314017526294,39.62520577477402,1.7306757977052902
243,40.5,43.0,39.86,41.02,782573,36.7,34.76,33.51,25.28,29.12854037762958,41.16605249960438,1.9549132407263408
244,41.41,44.7,41.41,43.0,489165,37.77,35.19,33.68,25.42,28.400852953018443,42.966157663558775,2.078133723531602
245,43.34,45.75,42.88,45.0,656803,39.0,35.69,33.9,25.57,27.649483080805062,44.70033853477606,2.1346956004222015
246,45.62,48.75,45.45,47.34,771748,40.32,36.31,34.17,25.73,26.725694088354444,47.01337328709704,2.25007448610633
247,47.01,49.04,43.21,48.51,590232,41.65,37.06,34.45,25.88,26.639837493350644,48.991688906373376,2.5057834513844495
248,48.62,50.21,45.07,45.46,314619,42.62,37.71,34.7,26.02,26.626540594224707,50.925498477915255,2.69394177628556
249,45.5,47.03,43.09,43.09,236932,43.37,38.28,34.91,26.14,27.178323177517708,51.81190967302265,2.7829459351223056
250,43.59,44.665,41.6336,44.01,238005,43.95,38.84,35.15,26.28,27.80354720150134,52.238738672931724,2.800692654042141
251,45.02,45.95,42.52,43.35,228432,44.53,39.39,35.37,26.42,28.416188233069896,52.749426280928056,2.845643178753417
252,43.45,44.75,41.8,44.28,176036,44.89,39.98,35.59,26.57,29.243580523039444,52.8966277431294,2.853097237413887
253,44.99,46.0,44.38,45.23,186724,45.14,40.6,35.85,26.71,30.129420890353842,53.05630913201485,2.7721617204557525
254,45.11,45.8688,41.77,42.18,207540,44.83,41.09,36.06,26.84,31.177124670310477,52.99662411241422,2.866921597566056
255,42.5,43.24,40.33,42.69,198738,44.31,41.55,36.29,26.97,32.32251070913008,52.58515191327466,2.8699986263113377
256,43.21,45.0,43.0,44.16,176954,43.83,42.07,36.53,27.1,33.43682581014932,52.17010271272256,2.8299987244319564
257,44.11,45.31,43.26,45.03,117552,43.78,42.54,36.81,27.24,34.47714496793981,51.84785160368774,2.774284529829674
258,44.42,47.22,44.3616,46.3,145410,44.14,43.03,37.12,27.38,35.4138821479567,51.68557050424602,2.7802927776989828
259,46.42,48.74,45.5901,48.72,201278,44.66,43.63,37.44,27.53,36.12627413603709,51.679240147830534,2.806693293577627
260,48.54,48.86,45.17,46.8,224164,45.04,44.15,37.76,27.67,37.252171450778384,51.37676551695813,2.869786629750654
261,46.8,46.97,45.14,46.22,129647,45.26,44.53,38.06,27.81,38.52323907550165,50.95279878163166,2.795516156197036
262,46.46,46.46,44.605,44.93,116642,45.23,44.87,38.33,27.94,39.78393745814478,50.33083265942774,2.728336430754391
263,44.74,45.5,43.4301,45.46,106453,45.59,45.09,38.63,28.07,40.34889212543618,50.15305848656982,2.6813052571290767
264,45.38,47.57,44.7,44.89,142146,45.83,45.18,38.9,28.2,40.612983194813424,50.22346141418825,2.6947834530484283
265,44.9,47.37,44.05,45.58,222886,45.99,45.21,39.13,28.33,40.6826489615556,50.292560481343656,2.739441777830683
266,45.96,46.46,44.87,44.95,118496,45.98,45.09,39.33,28.45,40.71847424279179,50.04909210495697,2.6573387936999207
267,44.36,45.0,41.71,42.01,110797,45.51,44.77,39.52,28.55,40.525146761352616,49.718455077305556,2.702528879864212
268,42.66,44.7,42.42,42.6,109557,44.83,44.62,39.72,28.65,40.44656626675577,48.99806794974785,2.701633959873912
269,42.19,45.125,41.68,44.77,124653,44.6,44.71,39.94,28.77,40.27974063859516,48.90394674212375,2.754731534168633
270,46.46,47.285,45.52,47.11,128946,44.7,44.86,40.23,28.91,40.43168266126429,49.01012022059474,2.7376078531565873
271,47.38,48.4981,45.48,45.52,112239,44.77,44.97,40.46,29.04,40.49778244644898,49.3189217978409,2.757643006502546
272,45.18,46.75,44.69,45.44,226398,44.76,45.03,40.7,29.17,40.73802175514854,49.334675348291064,2.7078113631809355
273,45.55,47.255,45.24,45.42,110471,44.82,45.04,40.91,29.31,40.72371892722534,49.41533470502783,2.6583248372394404
274,45.44,46.0,44.53,45.57,123826,44.82,45.21,41.13,29.45,41.00819391433302,49.41695755024061,2.5734444917223374
275,46.29,47.94,45.95,46.22,192507,44.96,45.38,41.35,29.59,41.7118798312632,49.29772744207252,2.558912742313599
276,46.19,46.48,44.29,44.87,101124,45.28,45.42,41.55,29.73,41.84712135183265,49.249142559051144,2.5325618321483416
277,44.8,46.29,44.38,44.91,145415,45.54,45.41,41.78,29.88,41.955078109057744,49.213384226217,2.4880931298520315
278,45.27,45.5678,43.008,43.67,91947,45.41,45.28,42.01,30.02,41.81002651014961,49.186660695140986,2.4932150491483145
279,43.74,43.88,43.15,43.87,48645,45.05,45.04,42.25,30.15,41.71028083958875,49.069904823041014,2.3672711170662923
280,44.23,45.94,44.0281,45.76,59721,45.08,44.99,42.51,30.3,41.69474610244796,48.679228154283955,2.3460374658472714
>>>>>>> 200SMA_doubleAgent
