,o,h,l,c,v,sma9,sma20,sma50,sma200,lower,upper,atr
<<<<<<< HEAD
0,10.78,10.96,10.01,10.96,1189908,,,,,,,0.9500000000000011
1,11.01,12.38,11.01,12.34,674847,,,,,,,0.9835714285714295
2,12.06,13.38,12.01,13.25,760077,,,,,10.01,13.45605920908482,1.011173469387756
3,13.27,13.39,12.82,12.96,287969,,,,,11.040006127471687,13.630258563056158,0.9796610787172021
4,12.91,13.23,12.8,12.97,388711,,,,,12.081344877489109,13.422962197731623,0.9403995730945448
5,12.95,13.17,12.13,12.16,479214,,,,,12.190607814257566,13.377058147394854,0.9475138893020773
6,11.68,11.85,10.87,11.01,601376,,,,,10.953418371036435,13.529999999999998,0.9719771829233576
7,11.32,12.22,11.32,11.5,604562,,,,,10.801486100386212,13.094239592177626,0.9889788127145465
8,11.3,11.69,11.13,11.24,292454,12.04,,,,10.880761081668549,12.19184554438136,0.9583374689492217
9,10.93,11.2,10.3,10.72,668304,12.02,,,,10.374233875130846,12.213464035539475,0.9570276497385629
10,11.11,11.8,10.78,11.7,1006430,11.95,,,,10.3199733341866,11.882759902881533,0.9658113890429514
11,10.81,11.88,10.7,11.2,406278,11.72,,,,10.336169313040166,11.998329596393768,0.9811105755398836
12,11.5,12.69,10.5,12.58,723980,11.68,,,,10.515777948981402,12.615708529025937,1.0674598201441776
13,11.22,12.0,11.14,12.0,570756,11.57,,,,10.452585889125086,12.627149859887881,1.0940698329910221
14,11.97,11.97,10.9,10.95,377894,11.43,,,,10.523350515920464,12.627308237088318,1.0944934163488063
15,11.15,11.38,10.41,10.62,491336,11.39,,,,10.44460036433153,12.132952173405391,1.0856010294667489
16,10.63,11.17,10.54,10.91,293986,11.32,,,,10.362829448486702,11.921435678688217,1.0530580987905527
17,11.3,11.84,10.71,10.87,631932,11.28,,,,10.402889545381342,11.806018806228423,1.0585539488769418
18,11.0,11.39,10.7801,10.92,498808,11.31,,,,10.553234741728655,11.808182893709148,1.0265072382428746
19,10.8,11.21,10.5,10.58,463004,11.18,11.57,,,10.517610008728367,11.804499614791755,1.0038995783683837
20,10.51,11.2,10.48,10.89,492424,11.15,11.57,,,10.418912425966614,11.373593432882302,0.9836210370563563
21,10.86,11.1,10.46,10.54,227070,10.92,11.48,,,10.45999999999978,11.230827625302988,0.9590766772666165
22,10.5,10.86,10.15,10.26,436460,10.73,11.33,,,10.178310812181607,11.228071232294418,0.9412854860332867
23,10.1,10.28,9.92,10.17,256740,10.64,11.19,,,9.905680812177284,11.16825098010033,0.8997650941737662
24,10.0,10.29,9.93,10.22,448072,10.6,11.05,,,9.86999999999997,10.808680722594028,0.8612104445899257
25,10.08,10.2354,9.16,9.9,590606,10.48,10.94,,,9.228298743492838,10.297536467721011,0.8765096985477882
26,9.99,10.08,9.66,9.845,392500,10.37,10.88,,,9.192650170996718,10.310757422877039,0.8439018629372319
27,10.11,10.35,9.9866,10.0,246720,10.27,10.81,,,9.185879786702584,10.35731280382313,0.8196945870131439
28,9.96,10.2,9.8,9.82,190020,10.18,10.73,,,9.651680187701826,10.345277492584708,0.7897164022264906
29,9.99,10.13,9.45,9.5,282800,10.03,10.67,,,9.473118478133879,10.339064768667276,0.7818795163531701
30,9.41,9.65,9.08,9.54,401476,9.92,10.57,,,9.083287040013518,10.292721598523107,0.7667452651850866
31,9.41,9.76,9.06,9.15,844784,9.79,10.46,,,8.977045781199605,10.098129056167252,0.7619777462432946
32,9.04,10.09,9.02,9.87,373814,9.76,10.33,,,9.022782828700251,10.062316593274632,0.783979335797345
33,10.82,10.82,9.7,10.04,1325428,9.74,10.23,,,8.878424319433218,10.765766124869153,0.8079808118118205
34,10.24,10.98,10.064,10.62,627500,9.82,10.21,,,9.064755982368515,11.10444704657106,0.817410753825262
35,10.46,10.68,9.9,10.01,610952,9.84,10.18,,,9.705703538158302,10.976777736655963,0.8147385571234576
36,9.76,10.38,9.76,10.09,343300,9.85,10.14,,,9.755842187187111,10.979999999999999,0.8008286601860678
37,10.07,10.3094,9.6,9.6,230272,9.82,10.08,,,9.603222263344023,10.653244341552144,0.7942980416013488
38,9.68,10.1847,9.68,9.98,142198,9.88,10.03,,,9.599999999999987,10.3902576335612,0.7793267529155381
39,9.96,9.965,9.28,9.28,261924,9.85,9.97,,,9.308339895114829,10.327403409130003,0.773660556278714
40,9.36,9.9,9.33,9.43,246458,9.88,9.89,,,9.212055052822961,10.165757361193293,0.762684802258806
41,9.73,9.95,9.55,9.67,206388,9.86,9.85,,,9.243023590490557,9.972367629761157,0.7453501735260342
42,9.78,10.15,9.75,10.07,362170,9.86,9.84,,,9.33325398324548,10.132287565553243,0.7263965897027461
43,10.08,10.08,9.807,10.04,67936,9.8,9.83,,,9.567365435915708,10.16148891565094,0.6940111190096928
44,9.9,10.0,9.8,9.86,184444,9.78,9.82,,,9.754580764181226,10.151722201661341,0.6615817533661432
45,9.85,10.08,9.63,10.05,394669,9.78,9.82,,,9.64543526772734,10.099521354868543,0.6464687709828473
46,10.2,10.2,9.87,10.01,332974,9.82,9.83,,,9.643243276122838,10.193997792470292,0.6238638587697868
47,10.2,11.405,10.105,11.28,893272,9.97,9.9,,,9.630828947408919,11.294475190998455,0.678945011714802
48,11.59,12.3,11.41,12.14,763123,10.28,10.01,,,9.632023168932049,12.355473258662242,0.703306082306602
49,12.47,13.38,12.47,13.34,1096420,10.72,10.2,10.73,,10.143720175659773,13.35060970513416,0.7416413621418447
50,13.0,13.69,12.9,13.06,1169124,11.09,10.38,10.78,,11.4931232171985,13.853013628622517,0.7450955505602843
51,13.0,14.29,13.0,14.22,957472,11.56,10.63,10.81,,12.508397443193472,14.249304033654358,0.7840172969488354
52,14.25,14.96,13.01,13.38,1133672,11.93,10.81,10.82,,12.909172374697246,14.948654774285314,0.8673017757382043
53,13.46,13.8,13.0,13.78,442698,12.36,11.0,10.83,,12.997559830643887,14.9323229344616,0.8624945060426183
54,13.72,15.23,13.6,15.07,971926,12.92,11.22,10.87,,12.859773537470513,15.42309206696744,0.9173163270395742
55,15.44,16.81,15.44,16.8,1247880,13.67,11.56,10.97,,12.741903691814269,16.785622794726475,0.9760794465367475
56,16.85,16.94,15.642,15.93,1098860,14.19,11.85,11.06,,13.768820903144768,17.278629551097193,0.9990737717841228
57,16.21,16.43,15.02,15.52,1070160,14.57,12.15,11.15,,15.050030113473706,16.991682389470594,1.028425645228114
58,15.01,15.75,14.7,15.5,951358,14.81,12.42,11.23,,14.641666318719725,16.97035371266162,1.029966670568963
59,15.18,15.21,13.94,14.03,1117272,14.91,12.66,11.3,,13.99859615832764,16.408003998532873,1.0678261940997513
60,14.63,14.99,14.27,14.46,1989671,14.94,12.91,11.35,,13.922238419521431,15.707733583361618,1.0601243230926263
61,14.46,14.7063,12.75,12.8,1741344,14.88,13.07,11.38,,12.853812643586464,15.221287088283015,1.124136871443153
62,13.11,13.26,12.55,12.62,999208,14.75,13.19,11.38,,12.24936191869562,15.24659292375002,1.0945556663400706
63,12.59,12.8,11.98,12.6,799376,14.47,13.32,11.4,,12.027125262888125,14.583533254029406,1.07494454731578
64,12.74,14.2,12.655,14.04,716376,14.17,13.53,11.46,,12.031785187526728,14.133582510996435,1.1124485082217956
65,14.13,14.72,14.05,14.7,1041318,14.03,13.76,11.54,,11.839336701405232,14.899709129672809,1.081559329063096
66,14.82,14.835,13.98,14.31,597944,13.9,13.98,11.61,,12.775690628015797,14.923341543414297,1.0653765198443037
67,14.08,14.73,13.8,13.96,670074,13.72,14.11,11.67,,13.814363052519075,14.82537171617847,1.0557067684268535
68,14.0,14.72,13.9,14.45,1105576,13.77,14.23,11.74,,13.803148338277008,14.82537171617847,1.0388705706820782
69,14.31,14.75,13.725,14.2,630658,13.74,14.27,11.81,,13.720536218726357,14.748608585648798,1.0378798156333584
70,14.0,15.05,13.795,14.3,1122564,13.91,14.33,11.88,,13.718585264921973,15.022482875908858,1.0533884002309757
71,14.55,15.48,14.3001,15.39,908670,14.22,14.39,11.98,,13.62624836981005,15.460257485350205,1.062432085928763
72,14.98,15.28,14.6301,15.16,1111696,14.5,14.48,12.08,,13.82113494611186,15.485174347913421,1.0408226512195657
73,15.63,16.17,15.36,15.79,470622,14.7,14.58,12.19,,14.221022207313052,16.110273729244092,1.0386210332753112
74,15.62,20.81,15.51,19.25,3237134,15.2,14.79,12.37,,14.695977502131074,20.38936020044722,1.3430052451842176
75,19.68,19.76,17.5,17.86,1388916,15.6,14.84,12.53,,14.9287483286839,21.346445195400772,1.4085048705282022
76,17.6,20.37,17.44,19.08,1688712,16.16,15.0,12.71,,15.684662544177147,20.840621995579426,1.517183094061902
77,19.24,20.4589,19.0301,19.47,1423632,16.72,15.2,12.9,,17.088809718832888,20.576752454322403,1.5108700159146233
78,20.01,20.7599,19.57,20.13,2162721,17.38,15.43,13.11,,17.572723528746906,20.733938860719014,1.495086443349293
79,20.5,20.525,18.36,18.43,640284,17.84,15.65,13.29,,18.380533628448507,20.739458649185632,1.5429374116814862
80,19.36,20.53,18.54,20.18,558511,18.37,15.94,13.5,,18.17046785459117,20.73916615747524,1.5827275965613803
81,20.0,20.2268,17.92,17.94,528320,18.68,16.19,13.68,,17.95437670096267,20.60089389187423,1.6344470539498532
82,17.95,18.4171,17.63,18.08,461093,18.94,16.47,13.84,,17.565134428033325,20.867093452257958,1.5739222643820068
83,18.0,18.38,17.76,18.17,261268,18.82,16.74,14.0,,17.624741609536983,20.063670281955186,1.5057849597832917
84,18.04,18.16,17.64,17.85,159839,18.81,16.93,14.15,,17.60432488528661,18.458003845792792,1.4360860340844854
85,17.79,18.59,17.78,18.23,155242,18.72,17.11,14.31,,17.650947888723284,18.59168604563806,1.3913656030784507
86,18.23,19.27,18.23,18.97,225165,18.66,17.34,14.49,,17.575058564120482,19.23300585662999,1.3662680600014185
87,19.14,19.48,18.97,19.02,386411,18.54,17.6,14.68,,17.72580617259734,19.57855729373654,1.3051060557156031
88,20.4,21.98,20.175,20.97,936093,18.82,17.92,14.9,,18.143279571364687,21.75099156162423,1.4233127660216316
89,21.23,21.42,20.15,20.15,847464,18.82,18.22,15.11,,19.076396340410604,22.271945120803426,1.412361854162944
90,20.19,20.77,19.61,20.0,260764,19.05,18.51,15.33,,19.65910248687072,21.995557594288044,1.3943360074370195
91,20.66,24.06,20.305,23.95,1064466,19.7,18.93,15.61,,19.656826519022196,23.82575501976095,1.584740578334375
92,24.0,28.8,24.0,26.99,2023522,20.68,19.53,15.95,,18.94533371003442,28.580093585482736,1.8179733941676341
93,26.6,26.89,21.9,22.19,1051702,21.16,19.85,16.19,,20.215090679676432,28.96816735970358,2.0516895802985173
94,22.75,23.0,21.04,22.55,670584,21.64,20.01,16.45,,20.79066024519745,29.185790926300434,2.045140324562909
95,22.67,23.61,22.5801,23.38,454638,22.13,20.29,16.71,,21.068234134491266,26.592152002126028,1.974773158522701
96,22.64,22.98,22.15,22.76,332721,22.55,20.47,16.97,,21.128697551038496,23.55476348783833,1.9215750757710797
97,22.7,23.4,22.1601,22.6,380269,22.73,20.63,17.2,,22.051278646408704,23.650780298646783,1.8728839989302883
98,22.62,25.55,22.62,24.78,580714,23.24,20.86,17.45,,22.04154682839637,25.355301256880214,1.9498208561495534
99,24.65,26.35,24.58,25.27,516963,23.83,21.2,17.69,,21.834924776310512,26.625614630239223,1.9369765092817284
100,24.74,25.95,24.3772,25.73,815143,24.03,21.48,17.94,,22.781223165348734,26.349999999999977,1.9109639014758908
101,25.74,27.53,25.53,25.81,513304,23.9,21.87,18.17,,24.21362973786459,27.431462111116517,1.9173236227990413
102,24.8,24.98,23.5,23.76,523499,24.07,22.16,18.38,,23.450953405121897,27.440436022839233,1.9453719354562526
103,23.8,24.33,22.3,22.36,475302,24.05,22.37,18.55,,22.14398992789279,27.30473314808244,1.9514167972093772
104,22.16,23.09,22.06,22.35,651574,23.94,22.59,18.7,,21.848507939120594,25.093559001253787,1.885601311694422
105,22.89,23.62,22.08,22.62,1210968,23.92,22.81,18.81,,22.01350010429729,24.30217360921203,1.860915503716249
106,22.9,23.75,22.6001,23.25,391000,23.99,23.02,18.96,,21.940483295687606,23.83628550673862,1.8101286820222313
107,23.41,24.47,23.03,23.89,523152,23.89,23.27,19.13,,22.094320180968083,24.404523995245416,1.7836909190206434
108,24.38,25.02,23.06,23.78,1456954,23.73,23.41,19.29,,22.63939926156354,25.050226835681464,1.7962844248048833
109,24.0,25.17,24.0,24.78,825920,23.62,23.64,19.51,,22.81175982659712,25.2552224064582,1.7672641087473917
110,25.55,26.59,24.87,25.4,1162194,23.58,23.91,19.73,,23.071441096251604,26.459724315126945,1.7703166724082924
111,25.8,25.8,23.83,24.76,656010,23.69,23.95,19.97,,23.67545043044664,26.56483409463532,1.7845797672362715
112,24.37,24.37,20.46,20.8201,1603884,23.52,23.64,20.13,,20.748027858275137,26.711937004555878,1.9642526410051093
113,20.905,21.1,19.64,20.15,1452802,23.27,23.54,20.28,,19.08943700832425,26.165947333864498,1.92823459521903
114,18.86,19.2699,18.1,19.16,3078070,22.89,23.37,20.38,,18.20183473594,24.163671565321536,1.9369321241319561
115,18.74,18.921,17.785,18.35,2610756,22.34,23.12,20.46,,17.515706347334408,20.934034847059763,1.896794115265388
116,18.86,20.1,18.35,19.89,6636864,21.9,22.98,20.57,,17.795210862778074,20.03594541606437,1.8863088213178603
117,20.1,20.16,18.65,20.13,1100478,21.49,22.85,20.69,,17.82245335478585,20.42566086193502,1.859429619795156
118,20.29,22.48,20.285,21.92,2403958,21.18,22.71,20.84,,18.053570693709847,22.270438094703348,1.8944703612383593
119,21.95,22.6,20.95,21.0,1740430,20.69,22.5,20.98,,18.778066931395777,23.122069637920248,1.8770081925784767
120,20.8,21.22,20.36,20.76,2389936,20.24,22.25,21.11,,20.167443749576982,22.86446059414456,1.8043647502514426
121,20.68,20.98,20.2073,20.37,1335808,20.19,21.98,21.2,,20.113546367175022,22.474299719775683,1.7306744109477683
122,20.39,21.83,20.39,21.58,736684,20.35,21.87,21.33,,20.221123319100997,21.781549413975252,1.711340524451499
123,22.0,22.725,21.03,21.54,1135360,20.62,21.83,21.45,,20.110419718578754,22.71759669951235,1.7101733441335347
124,21.78,23.12,21.55,23.07,1001932,21.14,21.86,21.52,,20.408966438146653,23.219285928708523,1.7008752481239968
125,23.07,23.69,22.7,23.0,879962,21.49,21.88,21.63,,20.905424081780925,23.66347077090459,1.6500984446865687
126,23.0,23.15,21.32,22.0,1070914,21.69,21.82,21.69,,21.117320108323888,23.64078029864672,1.6629485557803851
127,21.95,23.5,21.95,22.6,656584,21.77,21.75,21.75,,21.299130982023378,23.720588796720474,1.654880801796072
128,22.6,23.1,21.53,21.57,755041,21.83,21.64,21.78,,21.27921970135312,23.467944947176747,1.648817887382067
129,21.98,22.48,21.2,21.5,815446,21.91,21.48,21.84,,21.184101077415782,23.540605703258755,1.6224737525690622
130,21.9,22.0045,20.8,21.81,1493424,22.07,21.3,21.87,,20.811107733889326,23.077502705292567,1.5926184845284148
131,21.59,21.6,20.2,20.5,1571072,21.95,21.09,21.92,,20.23001103764865,22.46864377541715,1.5938600213478138
132,20.4,20.78,19.56,20.39,2089238,21.83,21.06,21.97,,19.566559149107576,22.08538841149667,1.5671557341086846
133,19.8,20.07,19.23,19.5,1052578,21.43,21.03,22.0,,19.17014641812442,21.582325424425733,1.53807318167235
134,20.09,20.3,19.3,19.35,1393720,21.02,21.04,22.03,,19.18945598192357,20.74559474907223,1.499639382981468
135,19.59,20.1,19.2,19.35,680230,20.73,21.09,22.05,,19.192017318939456,20.28169999555598,1.456807998482792
136,19.55,19.61,18.98,19.44,567648,20.38,21.07,22.06,,18.996292944562743,20.358345070228243,1.3977502843054497
137,19.86,21.03,19.6262,20.79,596528,20.29,21.1,22.09,,18.940195948347586,20.96793869117139,1.4114824068550604
138,21.14,21.58,20.8,21.2,235736,20.26,21.07,22.1,,18.879409193205746,21.75651364968692,1.3670908063654132
139,21.28,21.6,20.45,20.5,551795,20.11,21.04,22.1,,19.6894400713912,21.726804094505308,1.3515843201964552
140,20.18,20.32,19.87,20.1602,150998,20.08,21.01,22.11,,19.90361710694414,21.899969696343465,1.3000425830395657
141,20.25,20.48,19.76,19.78,412267,20.01,20.98,22.02,,19.655946646525734,21.49742383096639,1.258610969965311
142,19.66,19.8963,19.18,19.53,243675,20.01,20.88,21.87,,19.23261331319242,20.53371437299941,1.219874472110646
143,19.71,20.68,19.41,20.33,340132,20.12,20.82,21.84,,19.157938362669896,20.759304162552187,1.2234548669598857
144,20.38,20.66,20.0348,20.45,200821,20.24,20.69,21.8,,19.099265646823646,20.858907822223188,1.180722376462751
145,19.99,21.1,19.75,20.56,389107,20.37,20.57,21.74,,19.418793861952885,21.06179526871412,1.1928136352868404
146,20.61,20.73,19.78,20.58,414572,20.34,20.49,21.7,,19.698443674463206,21.06643180835039,1.1754698041949232
147,20.68,21.79,20.53,21.45,500556,20.37,20.44,21.67,,19.57807240412036,21.744656753316196,1.1815076753238571
148,21.29,21.55,20.56,20.84,384158,20.41,20.4,21.59,,19.84807240412035,21.912484382589042,1.1678285556578676
149,20.72,21.46,20.52,21.27,775746,20.53,20.39,21.51,,20.515850006672647,21.770587221091837,1.1515550873965914
150,21.55,22.37,21.28,21.99,1124682,20.78,20.4,21.44,,20.35895960180414,22.29476461809045,1.1478725811539778
151,21.56,21.615,19.75,20.25,1502317,20.86,20.39,21.33,,19.751661220062978,22.30185213360921,1.2258816825001222
152,20.69,20.7808,20.02,20.49,496139,20.88,20.39,21.26,,19.533360544671048,22.383528852162154,1.192661562321542
153,20.32,21.39,20.32,21.03,748813,20.94,20.47,21.24,,19.744868451412405,21.693527139281894,1.1839000221557177
154,21.0,22.0,20.8,21.87,711636,21.09,20.59,21.23,,19.98655368854192,21.999866710411062,1.1850500205731664
155,21.59,21.661,20.71,21.29,559146,21.16,20.69,21.2,,20.35485298355659,21.989297707847324,1.183260733389369
156,21.36,21.9,20.93,21.67,699345,21.19,20.8,21.17,,20.702728933179852,22.02785143446562,1.168027823861557
157,21.85,23.58,21.31,21.56,1085606,21.27,20.84,21.12,,20.679798601657836,23.42612505893322,1.2467401221571601
158,21.02,21.53,20.98,21.29,386969,21.27,20.84,21.07,,20.866854924454053,23.429201944510446,1.199115827717363
159,21.35,21.48,20.13,20.54,517915,21.11,20.85,20.99,,20.197870039431177,23.39492929786785,1.2098932685946944
160,20.02,20.2012,19.55,19.84,649161,21.06,20.83,20.88,,19.500764294545963,21.823564311422036,1.194186606552216
161,20.09,20.36,19.66,19.75,336933,20.98,20.83,20.78,,19.471941563985087,21.377411104645994,1.1588875632270579
162,19.94,20.08,19.65,19.76,431287,20.84,20.84,20.75,,19.55917237469743,20.354153464842863,1.1068241658536966
163,19.95,20.9,19.9,20.83,282814,20.73,20.87,20.77,,19.59512750836309,20.863479974195535,1.109193868292718
164,20.97,21.71,20.86,21.23,944930,20.72,20.9,20.81,,19.497891797613967,21.711671779124963,1.0928228777003812
165,21.19,21.73,20.705,21.35,565796,20.68,20.94,20.87,,19.97296129942647,21.92019948847859,1.0879783864360686
166,21.32,21.4,20.53,21.07,599023,20.63,20.97,20.89,,20.533232354131812,21.798355854484573,1.072408501690635
167,20.9,21.57,20.73,21.41,720692,20.64,20.97,20.92,,20.54602752641163,21.731691917259297,1.0558078944270184
168,21.41,21.82,20.78,21.61,619491,20.76,21.01,20.91,,20.547712434446893,21.807932691699467,1.0546787591108027
169,21.28,21.5,20.17,20.58,352325,20.84,20.97,20.9,,20.22132611556253,21.79822603841209,1.0822017048886023
170,20.48,21.01,20.3,20.52,211042,20.93,20.9,20.9,,20.09536722170403,21.851295749902746,1.0556158688251307
171,20.4,20.5,19.84,20.18,442464,20.98,20.89,20.9,,19.866197647842313,21.50336666555545,1.0287861639090499
172,20.29,20.95,20.0,20.34,465013,20.92,20.89,20.87,,19.81314293482492,21.098747197295005,1.023158580772689
173,20.47,20.97,19.82,20.27,476916,20.81,20.85,20.84,,19.788009009420538,21.072435990203363,1.0322186821460684
174,21.0,22.07,20.7,22.0,791030,20.89,20.85,20.82,,19.708431910090408,21.970936814358346,1.0870602048499207
175,22.35,23.165,22.09,23.0,1068781,21.1,20.94,20.82,,19.72549137181061,23.16583428245965,1.0926273330749263
176,22.76,23.14,22.11,23.0,579781,21.28,21.01,20.84,,20.824981099877334,23.416773324232544,1.088153952141003
177,23.2,23.77,22.4435,22.99,1108947,21.43,21.08,20.85,,22.015928224563563,23.715066193234396,1.105178669845217
178,22.8,23.14,22.33,22.68,735934,21.66,21.15,20.87,,22.12493953880701,23.713730669589264,1.0840944791419875
179,22.48,22.5655,20.72,20.72,1417147,21.69,21.16,20.86,,20.86719618821138,23.760963069407456,1.1466591592032742
180,21.02,22.03,20.91,21.12,485821,21.79,21.22,20.84,,20.44017047105705,23.133614177444464,1.158326362117326
181,21.23,21.34,20.43,20.6307,420454,21.82,21.26,20.85,,20.444936789875882,22.592871019824205,1.1405887648232313
182,20.92,21.2129,20.4,20.94,279822,21.9,21.32,20.86,,20.293818239575003,21.967312538360314,1.117182424478715
183,21.36,21.6694,20.65,20.68,404299,21.75,21.32,20.88,,20.356829365137227,21.64303575974945,1.1101979655873782
184,20.76,20.95,19.92,20.51,575395,21.47,21.28,20.9,,19.952343665912153,21.64144913427219,1.1044695394739938
185,20.07,20.59,19.84,20.13,371233,21.16,21.22,20.92,,19.690311053580782,21.619381768256392,1.079150286654423
186,20.21,20.8,20.2,20.45,326500,20.87,21.19,20.94,,19.79763404161672,20.96083141319974,1.0499252661791072
187,20.56,21.09,20.295,20.86,259984,20.67,21.16,20.94,,19.87164930618356,21.07773106743498,1.0317163185948852
188,21.01,21.01,19.67,20.32,631323,20.63,21.1,20.92,,19.71821371761911,21.116444279590468,1.0537365815523934
189,20.36,20.9,19.96,20.08,439254,20.51,21.07,20.92,,19.66223011653943,21.09539392014075,1.0456125400129366
190,20.25,20.48,20.08,20.28,211340,20.47,21.06,20.92,,19.692541176616647,21.076368889276978,0.9994973585834412
191,20.25,20.47,19.79,20.23,300375,20.39,21.06,20.93,,19.79761671337091,20.862091468455613,0.9766761186846241
192,20.34,21.12,20.04,21.1,280010,20.44,21.1,20.96,,19.81283766354517,21.062424488990473,0.9840563959214369
193,20.8,21.81,20.1417,21.8,628019,20.58,21.18,20.99,,19.809580580645463,21.803432828433248,1.0329309390699057
194,21.8,21.8,20.84,21.16,423758,20.7,21.13,21.0,,19.905065847685474,21.97218320656502,1.0277215862791984
195,21.18,21.31,20.33,20.8,302984,20.74,21.02,21.01,,20.075944026359974,21.925832118558837,1.02431290154497
196,20.8,20.99,20.42,20.78,159157,20.73,20.91,21.01,,20.25778684822375,21.774629083236086,0.9918619800060433
197,20.73,21.09,20.44,20.63,165178,20.76,20.8,20.99,,20.338072013896216,21.29370705543691,0.9674432671484687
198,20.5,21.11,20.4,20.51,267344,20.81,20.69,20.99,,20.40000000000108,21.127624338405244,0.9490544623521496
199,20.57,21.06,20.47,20.58,116309,20.84,20.68,20.97,17.73,20.401547820824433,21.111832781447397,0.9234077150412818
200,20.5,20.9299,20.5,20.69,79801,20.89,20.66,20.95,17.78,20.405350652272606,21.126271339668865,0.8881571639669046
201,20.86,22.52,20.54,22.47,796637,21.05,20.75,20.99,17.83,20.46821448749106,22.38618768821398,0.9661459379692686
202,22.38,22.41,20.41,20.43,448344,20.89,20.72,20.99,17.86,20.416750052148846,22.8412953096722,1.0442783709714636
203,20.63,21.37,20.63,21.03,208241,20.88,20.74,20.99,17.9,20.416062266513265,22.734586479528073,1.0368299159020735
204,21.29,21.81,21.0,21.76,311475,20.99,20.8,20.99,17.95,20.381838969682544,22.38538058534522,1.0206277790519254
205,22.0,22.29,21.6,22.14,607499,21.14,20.9,21.01,18.0,20.587143088753084,22.283478238046147,0.9970115091196449
206,22.0,23.0,21.8,22.96,687642,21.4,21.03,21.03,18.06,21.050333466773456,22.96535968761577,1.0115106870396702
207,23.0,23.19,22.25,22.32,359095,21.6,21.1,21.05,18.11,21.550416927409366,23.301043450808944,1.006402780822551
208,22.5,22.82,21.3,21.3,254376,21.68,21.15,21.05,18.16,21.308114085687226,23.188355854484602,1.043088296478083
209,21.46,21.46,20.82,20.93,117764,21.7,21.2,21.06,18.21,20.728907549009374,23.400988474131168,1.0142962753010771
210,20.86,20.965,19.97,20.44,315201,21.48,21.2,21.07,18.26,20.02314359109071,22.708858363373245,1.0129179699224289
211,20.5,21.26,20.3,20.42,355490,21.48,21.21,21.08,18.3,19.934808732717123,21.47734805846656,1.00913811492797
212,20.52,21.22,20.52,21.16,185008,21.49,21.22,21.11,18.34,19.986506070706834,21.308359372880577,0.9941996781474004
213,21.18,21.25,19.71,19.74,283208,21.27,21.11,21.09,18.38,19.757819041230785,21.264149993324207,1.0331854154225861
214,19.82,20.11,19.38,20.045,515346,21.04,21.06,21.06,18.43,19.28339962495756,21.50969223483111,1.011529314320973
215,20.0,21.075,20.0,20.605,463792,20.77,21.05,21.05,18.48,19.38645168744539,21.42559527272211,1.0160629347266177
216,20.73,21.31,20.32,21.3,421979,20.66,21.07,21.05,18.53,19.422087874186133,21.467597742596425,1.0142012965318592
217,21.16,22.18,21.01,22.16,390398,20.76,21.15,21.07,18.59,19.9271615273101,22.103782061870373,1.025329775351012
218,21.94,22.38,21.7,22.35,485596,20.91,21.24,21.08,18.64,20.32000000000002,22.525554470484924,1.0006633628259398
219,22.08,22.59,21.425,21.59,269812,21.04,21.29,21.1,18.7,21.030974249195147,22.588353657528657,1.0124016940526583
220,21.6,22.38,21.38,22.24,464074,21.24,21.37,21.14,18.76,21.328437531318926,22.571243556529076,1.0115158587631827
221,22.23,23.21,22.0,22.44,2946080,21.39,21.37,21.18,18.82,21.255966893260133,23.158214269293712,1.0256932974229556
222,22.63,24.95,22.28,22.32,918573,21.67,21.46,21.22,18.88,21.42608732134891,24.82490999267625,1.1431437761784586
223,22.335,22.335,20.78,21.52,509597,21.84,21.49,21.25,18.93,20.88908699457533,24.82946380527556,1.1725620778799972
224,21.8,22.79,21.739,22.5,766753,22.05,21.52,21.26,18.99,20.84002179349676,24.755404674866444,1.1795219294599975
225,22.5,22.86,20.87,21.51,1003413,22.07,21.49,21.23,19.05,20.600053285667553,22.946725140199977,1.2374132202128547
226,21.59,22.184,21.03,21.83,372828,22.03,21.44,21.2,19.11,20.750499189189924,22.983066212338063,1.2314551330547938
227,21.75,22.75,21.55,22.32,1589488,22.03,21.44,21.19,19.17,20.794472223307405,22.960728548641832,1.2292083378365941
228,23.0,23.77,21.89,22.28,822057,22.11,21.49,21.18,19.24,21.056871843445855,23.705090344707507,1.2756934565625515
229,22.33,22.69,21.4124,21.72,306911,22.05,21.52,21.2,19.3,21.371622705314497,23.67695963621958,1.2758296382366552
230,21.5,21.5,20.5,20.73,405378,21.86,21.54,21.19,19.35,20.56122361124359,23.788777446151375,1.271841806934037
231,20.68,20.96,20.57,20.69,266378,21.68,21.55,21.2,19.41,20.319691860937482,22.60178436128878,1.2088531064387487
232,20.65,21.0,20.23,20.54,426533,21.57,21.52,21.19,19.46,20.253796893206818,21.454220909236973,1.177506455978838
233,20.95,21.88,20.81,21.78,254657,21.49,21.62,21.21,19.52,20.24523342674146,21.799999999999837,1.1891131376946351
234,21.8,22.66,21.65,22.1,322047,21.55,21.73,21.24,19.58,20.182710552235736,22.677168522975936,1.1763193421450184
235,21.61,21.94,20.78,20.81,807610,21.44,21.74,21.26,19.63,20.586137671005392,22.59405068828399,1.186582246277517
236,20.91,21.57,20.0,20.12,461230,21.2,21.68,21.25,19.68,19.984591010468158,22.610952994599394,1.2139692286862658
237,19.7,20.5899,19.35,20.39,1179787,20.99,21.59,21.24,19.74,19.32734916218617,22.064280094476224,1.2158214266372467
238,19.74,20.87,19.5,20.25,812171,20.82,21.48,21.24,19.79,19.276323702389032,21.51478544933345,1.2268341818774433
239,20.08,20.7,19.84,20.62,580653,20.81,21.44,21.25,19.85,19.31226893256475,20.861080108029217,1.2006317403147688
240,20.6,21.0,19.94,20.25,704888,20.76,21.34,21.25,19.9,19.529348748106678,21.007110454618104,1.190586616006571
241,20.15,20.81,19.87,19.93,1117168,20.69,21.21,21.24,19.95,19.832017318939275,20.98843403250392,1.1726875720061014
242,20.34,20.37,19.41,19.98,692748,20.49,21.09,21.22,20.0,19.45207639902231,21.049828133016202,1.1574956025770944
243,20.04,20.68,19.92,20.17,1011176,20.28,21.03,21.19,20.05,19.452204655797065,20.84605309110882,1.129103059535873
244,20.04,20.2,19.33,20.01,698147,20.19,20.9,21.16,20.1,19.233281254237927,20.660045657816678,1.1105956981404537
245,19.45,19.98,19.31,19.92,291560,20.17,20.82,21.15,20.15,19.17344553097679,20.64462383356405,1.0812674339875645
246,19.91,20.26,19.85,19.97,435041,20.12,20.73,21.13,20.2,19.19050766658127,20.294088962582887,1.03331976013131
247,19.59,19.8,19.22,19.36,391159,20.02,20.58,21.1,20.24,19.11926549925204,20.245137848675927,1.013082634407645
248,18.79,19.99,17.76,19.91,725579,19.94,20.46,21.09,20.28,17.871217046108253,20.24782317930089,1.1000053033785273
249,19.28,19.85,19.05,19.19,601370,19.83,20.34,21.06,20.31,17.87827244491072,19.978488578017387,1.0828620674229181
250,19.29,19.4399,18.27,18.4,290273,19.66,20.22,21.02,20.34,17.71030776516881,20.045854762489537,1.0890790626069955
251,18.0,18.67,17.36,18.23,575982,19.46,20.1,20.93,20.36,17.38083374384249,19.919039286082082,1.1048591295636387
252,18.53,19.32,18.53,19.1,260942,19.34,20.02,20.91,20.39,17.438977301920538,19.55755073325212,1.103797763166236
253,18.88,19.37,18.43,18.48,170897,19.17,19.86,20.86,20.41,17.45810415361702,19.51051248379523,1.0920979229400762
254,18.39,18.52,17.37,17.5,260509,18.9,19.63,20.77,20.42,17.467193652800518,19.54696960070839,1.0962337855872135
255,17.26,17.3,15.94,16.31,475518,18.5,19.4,20.65,20.42,15.997093406175999,19.43716334293877,1.1293599437595554
256,16.54,17.0,15.57,16.84,740996,18.22,19.24,20.53,20.42,15.342737029251902,18.41173395163938,1.1508342334910158
257,16.38,16.76,15.1,15.42,472982,17.72,18.99,20.39,20.42,15.115675772070034,17.29055498516945,1.192917502527372
258,15.85,16.72,15.686,16.68,293683,17.44,18.81,20.3,20.43,15.141690477104007,16.978104222554855,1.2005662523468452
259,16.7,17.21,16.2,16.29,448351,17.21,18.6,20.21,20.44,15.111607412840671,17.16875733782866,1.1869543771792137
260,16.87,17.72,16.64,17.47,262254,17.12,18.46,20.15,20.45,15.697855236104486,17.71669999888899,1.2043147788092698
261,17.02,17.3,16.69,17.04,188357,16.89,18.31,20.08,20.48,16.240370624745843,17.68221315177636,1.1740065803228934
262,17.04,17.42,16.74,16.95,208982,16.72,18.16,20.0,20.5,16.64000000000052,17.696333076527875,1.1387203960141155
263,17.01,17.22,16.45,16.64,241383,16.63,17.99,19.94,20.52,16.471639787277052,17.413997792470408,1.11238322487025
264,16.29,16.88,15.94,16.64,372747,16.66,17.82,19.87,20.53,15.971656378731556,17.446341269725977,1.100070137379518
265,16.3,16.495,15.9,15.92,235544,16.56,17.62,19.77,20.54,15.790018116477235,17.2277326839424,1.0743508418524097
266,15.92,16.19,15.62,15.74,399455,16.6,17.41,19.66,20.54,15.64564404225852,16.86743874959618,1.0383257817200948
267,16.1,16.36,15.69,15.835,395829,16.5,17.23,19.54,20.55,15.590950046704211,16.501167666300198,1.0120167973115166
268,15.88,15.97,15.23,15.32,174347,16.4,17.0,19.4,20.56,15.265475847399818,16.368866791681103,0.9925870260749797
269,15.3,15.53,14.86,14.96,602967,16.12,16.79,19.26,20.56,14.844187542274224,16.36858426148817,0.9695450956410526
270,14.63,15.14,14.52,14.82,481629,15.87,16.61,19.11,20.56,14.514894381908775,15.96191759482154,0.944577588809549
271,14.84,15.46,14.65,15.09,451279,15.66,16.45,18.97,20.56,14.505105210234046,15.584592935650397,0.9349649038945813
272,14.84,14.84,13.69,13.93,695802,15.36,16.19,18.8,20.56,13.765866001024541,15.456720425446512,0.9681816964735398
273,13.97,14.56,13.61,14.5,367018,15.12,15.99,18.66,20.55,13.40459908228776,15.413912678651299,0.9668830038682871
274,14.74,14.9791,14.51,14.79,288372,15.0,15.86,18.51,20.53,13.43853683084745,15.00649434460597,0.9320413607348381
275,15.21,15.81,15.1317,15.39,337480,14.96,15.81,18.38,20.52,13.652153622889198,15.752571510512979,0.9383241206823498
276,15.45,15.45,14.66,14.76,242068,14.84,15.71,18.24,20.49,14.442807743508356,15.8297149903972,0.9277295406336106
277,14.66,15.87,14.57,15.68,206363,14.88,15.72,18.11,20.47,14.485541498287565,15.937156333832307,0.9543202877312097
278,15.76,15.76,15.0,15.43,314271,14.93,15.66,17.97,20.45,14.516544150757792,15.911125282985909,0.9404402671789804
279,15.58,15.95,15.42,15.75,110914,15.04,15.63,17.85,20.44,14.571656862858234,15.955393920142347,0.9111231052376246
280,15.64,15.7,15.15,15.54,291525,15.09,15.54,17.75,20.41,14.977162033462184,15.933845146336838,0.88890002629208
||||||| 599f065
0,10.78,10.96,10.01,10.96,1189908,,,,,,,0.9500000000000011
1,11.01,12.38,11.01,12.34,674847,,,,,,,0.9835714285714295
2,12.06,13.38,12.01,13.25,760077,,,,,10.01,13.45605920908482,1.011173469387756
3,13.27,13.39,12.82,12.96,287969,,,,,11.040006127471687,13.630258563056158,0.9796610787172021
4,12.91,13.23,12.8,12.97,388711,,,,,12.081344877489109,13.422962197731623,0.9403995730945448
5,12.95,13.17,12.13,12.16,479214,,,,,12.190607814257566,13.377058147394854,0.9475138893020773
6,11.68,11.85,10.87,11.01,608656,,,,,10.953418371036435,13.529999999999998,0.9719771829233576
7,11.32,12.22,11.32,11.5,604562,,,,,10.801486100386212,13.094239592177626,0.9889788127145465
8,11.3,11.69,11.13,11.24,292454,12.04,,,,10.880761081668549,12.19184554438136,0.9583374689492217
9,10.93,11.2,10.3,10.72,668304,12.02,,,,10.374233875130846,12.213464035539475,0.9570276497385629
10,11.11,11.8,10.78,11.7,1006430,11.95,,,,10.3199733341866,11.882759902881533,0.9658113890429514
11,10.81,11.88,10.7,11.2,406278,11.72,,,,10.336169313040166,11.998329596393768,0.9811105755398836
12,11.5,12.69,10.5,12.58,723980,11.68,,,,10.515777948981402,12.615708529025937,1.0674598201441776
13,11.22,12.0,11.14,12.0,570756,11.57,,,,10.452585889125086,12.627149859887881,1.0940698329910221
14,11.97,11.97,10.9,10.95,377894,11.43,,,,10.523350515920464,12.627308237088318,1.0944934163488063
15,11.15,11.38,10.41,10.62,491336,11.39,,,,10.44460036433153,12.132952173405391,1.0856010294667489
16,10.63,11.17,10.54,10.91,293986,11.32,,,,10.362829448486702,11.921435678688217,1.0530580987905527
17,11.3,11.84,10.71,10.87,631932,11.28,,,,10.402889545381342,11.806018806228423,1.0585539488769418
18,11.0,11.39,10.7801,10.92,498808,11.31,,,,10.553234741728655,11.808182893709148,1.0265072382428746
19,10.8,11.21,10.5,10.58,463004,11.18,11.57,,,10.517610008728367,11.804499614791755,1.0038995783683837
20,10.51,11.2,10.48,10.89,492424,11.15,11.57,,,10.418912425966614,11.373593432882302,0.9836210370563563
21,10.86,11.1,10.46,10.54,227070,10.92,11.48,,,10.45999999999978,11.230827625302988,0.9590766772666165
22,10.5,10.86,10.15,10.26,436460,10.73,11.33,,,10.178310812181607,11.228071232294418,0.9412854860332867
23,10.1,10.28,9.92,10.17,256740,10.64,11.19,,,9.905680812177284,11.16825098010033,0.8997650941737662
24,10.0,10.29,9.93,10.22,448072,10.6,11.05,,,9.86999999999997,10.808680722594028,0.8612104445899257
25,10.08,10.2354,9.16,9.9,590606,10.48,10.94,,,9.228298743492838,10.297536467721011,0.8765096985477882
26,9.99,10.08,9.66,9.845,392500,10.37,10.88,,,9.192650170996718,10.310757422877039,0.8439018629372319
27,10.11,10.35,9.9866,10.0,246720,10.27,10.81,,,9.185879786702584,10.35731280382313,0.8196945870131439
28,9.96,10.2,9.8,9.82,190020,10.18,10.73,,,9.651680187701826,10.345277492584708,0.7897164022264906
29,9.99,10.13,9.45,9.5,282800,10.03,10.67,,,9.473118478133879,10.339064768667276,0.7818795163531701
30,9.41,9.65,9.08,9.54,401476,9.92,10.57,,,9.083287040013518,10.292721598523107,0.7667452651850866
31,9.41,9.76,9.06,9.15,844784,9.79,10.46,,,8.977045781199605,10.098129056167252,0.7619777462432946
32,9.04,10.09,9.02,9.87,373814,9.76,10.33,,,9.022782828700251,10.062316593274632,0.783979335797345
33,10.82,10.82,9.7,10.04,1325428,9.74,10.23,,,8.878424319433218,10.765766124869153,0.8079808118118205
34,10.24,10.98,10.064,10.62,627500,9.82,10.21,,,9.064755982368515,11.10444704657106,0.817410753825262
35,10.46,10.68,9.9,10.01,610952,9.84,10.18,,,9.705703538158302,10.976777736655963,0.8147385571234576
36,9.76,10.38,9.76,10.09,343300,9.85,10.14,,,9.755842187187111,10.979999999999999,0.8008286601860678
37,10.07,10.3094,9.61,9.61,226190,9.83,10.08,,,9.611637933881278,10.653244341552144,0.7935837558870631
38,9.68,10.1847,9.68,9.98,142198,9.88,10.03,,,9.608277798338664,10.3902576335612,0.7779492018951301
39,9.96,9.965,9.28,9.28,261924,9.85,9.97,,,9.309713733733163,10.327403409130003,0.7723814017597637
40,9.36,9.9,9.33,9.43,246458,9.88,9.89,,,9.212055052822956,10.165757361193293,0.7614970159197807
41,9.73,9.95,9.55,9.67,206388,9.86,9.85,,,9.24302359049055,9.972367629761157,0.7442472290683678
42,9.78,10.15,9.75,10.07,362170,9.86,9.84,,,9.333253983245477,10.132287565553243,0.725372426992056
43,10.08,10.08,9.807,10.04,67936,9.8,9.83,,,9.567365435915706,10.16148891565094,0.6930601107783376
44,9.9,10.0,9.8,9.86,184444,9.78,9.82,,,9.754580764181226,10.151722201661341,0.6606986742941705
45,9.85,10.08,9.63,10.05,394669,9.78,9.82,,,9.64543526772734,10.099521354868543,0.645648768987444
46,10.2,10.2,9.87,10.01,332974,9.82,9.83,,,9.64324327612284,10.193997792470292,0.6231024283454838
47,10.2,11.405,10.105,11.28,893272,9.97,9.9,,,9.630828947408919,11.294475190998455,0.6782379691779492
48,11.59,12.3,11.41,12.14,763123,10.28,10.01,,,9.63202316893205,12.355473258662242,0.7026495428080958
49,12.47,13.38,12.47,13.34,1096420,10.72,10.2,10.73,,10.143720175659773,13.35060970513416,0.7410317183218031
50,13.0,13.69,12.9,13.06,1169124,11.09,10.38,10.78,,11.4931232171985,13.853013628622517,0.7445294527273886
51,13.0,14.29,13.0,14.22,957472,11.56,10.63,10.81,,12.508397443193472,14.249304033654358,0.7834916346754323
52,14.25,14.96,13.01,13.38,1133672,11.93,10.81,10.82,,12.909172374697246,14.948654774285314,0.8668136607700443
53,13.46,13.8,13.0,13.78,442698,12.36,11.0,10.83,,12.997559830643864,14.9323229344616,0.8620412564293269
54,13.72,15.23,13.6,15.07,971926,12.92,11.22,10.87,,12.859773537470513,15.42309206696744,0.9168954523986608
55,15.44,16.81,15.44,16.8,1247880,13.67,11.56,10.97,,12.741903691814269,16.785622794726475,0.9756886343701849
56,16.85,16.94,15.642,15.93,1098860,14.19,11.85,11.07,,13.768820903144768,17.278629551097193,0.9987108747723148
57,16.21,16.43,15.02,15.52,1070160,14.57,12.15,11.15,,15.050030113473706,16.991682389470594,1.0280886694314353
58,15.01,15.75,14.7,15.5,951358,14.81,12.42,11.23,,14.641666318719727,16.97035371266162,1.0296537644720472
59,15.18,15.21,13.94,14.03,1117272,14.91,12.66,11.3,,13.99859615832764,16.408003998532873,1.0675356384383297
60,14.63,14.99,14.27,14.46,1989671,14.94,12.91,11.35,,13.922238419521431,15.707733583361618,1.0598545214070205
61,14.46,14.7063,12.75,12.8,1741344,14.88,13.07,11.38,,12.85381264358646,15.221287088283015,1.1238863413065192
62,13.11,13.26,12.55,12.62,999208,14.75,13.19,11.38,,12.24936191869562,15.24659292375002,1.0943230312131964
63,12.59,12.8,11.98,12.6,799376,14.47,13.32,11.4,,12.027125262888125,14.583533254029406,1.0747285289836823
64,12.74,14.2,12.655,14.04,716376,14.17,13.53,11.46,,12.031785187526728,14.133582510996435,1.1122479197705621
65,14.13,14.72,14.05,14.7,1041318,14.03,13.76,11.54,,11.839336701405232,14.899709129672809,1.0813730683583793
66,14.82,14.835,13.98,14.31,597944,13.9,13.98,11.61,,12.775690628015797,14.923341543414297,1.065203563475638
67,14.08,14.73,13.8,13.96,670074,13.72,14.11,11.67,,13.814363052519075,14.82537171617847,1.0555461660845211
68,14.0,14.72,13.9,14.45,1105576,13.77,14.23,11.74,,13.803148338277012,14.82537171617847,1.0387214399356268
69,14.31,14.75,13.725,14.2,630658,13.74,14.27,11.81,,13.720536218726355,14.748608585648798,1.0377413370830821
70,14.0,15.05,13.795,14.3,1122564,13.91,14.33,11.88,,13.718585264921972,15.022482875908858,1.0532598130057191
71,14.55,15.48,14.3001,15.39,908670,14.22,14.39,11.98,,13.626248369810048,15.460257485350205,1.0623126835053107
72,14.98,15.28,14.6301,15.16,1111696,14.5,14.48,12.08,,13.82113494611186,15.485174347913421,1.0407117775406458
73,15.63,16.17,15.36,15.79,470622,14.7,14.58,12.19,,14.221022207313052,16.110273729244092,1.0385180791448856
74,15.62,20.81,15.51,19.25,3237134,15.2,14.79,12.37,,14.695977502131075,20.38936020044722,1.3429096449202507
75,19.68,19.76,17.5,17.86,1388916,15.6,14.84,12.53,,14.928748328683904,21.346445195400772,1.4084160988545185
76,17.6,20.37,17.44,19.08,1688712,16.16,15.0,12.71,,15.684662544177147,20.840621995579426,1.517100663222053
77,19.24,20.4589,19.0301,19.47,1423632,16.72,15.2,12.9,,17.088809718832888,20.576752454322403,1.5107934729919064
78,20.01,20.7599,19.57,20.13,2162721,17.38,15.43,13.11,,17.572723528746902,20.733938860719014,1.4950153677781988
79,20.5,20.525,18.36,18.43,638818,17.84,15.65,13.29,,18.380533628448507,20.739458649185632,1.5428714129368988
80,19.36,20.53,18.54,20.18,558511,18.37,15.94,13.5,,18.17046785459117,20.73916615747524,1.5826663120128348
81,20.0,20.2268,17.92,17.94,528320,18.68,16.19,13.68,,17.95437670096267,20.60089389187423,1.634390146869061
82,17.95,18.4171,17.63,18.08,461093,18.94,16.47,13.84,,17.565134428033325,20.867093452257958,1.5738694220926996
83,18.0,18.38,17.76,18.17,270417,18.82,16.74,14.0,,17.624741609536983,20.063670281955186,1.5057358919432209
84,18.04,18.16,17.64,17.85,159839,18.81,16.93,14.15,,17.604324885286605,18.458003845792792,1.436040471090134
85,17.79,18.59,17.78,18.23,155242,18.72,17.11,14.31,,17.650947888723284,18.59168604563806,1.391323294583696
86,18.23,19.27,18.23,18.97,225165,18.66,17.34,14.49,,17.57505856412048,19.23300585662999,1.3662287735420033
87,19.14,19.48,18.97,19.02,386411,18.54,17.6,14.68,,17.72580617259734,19.57855729373654,1.3050695754318604
88,20.4,21.98,20.175,20.97,936093,18.82,17.92,14.9,,18.143279571364687,21.75099156162423,1.423278891472442
89,21.23,21.42,20.15,20.15,847464,18.82,18.22,15.11,,19.076396340410607,22.271945120803426,1.4123303992244107
90,20.19,20.77,19.61,20.0,260764,19.05,18.51,15.33,,19.65910248687072,21.995557594288044,1.3943067992798102
91,20.66,24.06,20.305,23.95,1064466,19.7,18.93,15.61,,19.656826519022193,23.82575501976095,1.5847134564741092
92,24.0,28.8,24.0,26.99,2023522,20.68,19.53,15.95,,18.94533371003442,28.580093585482736,1.8179482095831017
93,26.6,26.89,21.9,22.19,1051702,21.16,19.85,16.19,,20.215090679676432,28.96816735970358,2.05166619461288
94,22.75,23.0,21.04,22.55,670584,21.64,20.01,16.45,,20.79066024519745,29.185790926300434,2.0451186092833886
95,22.67,23.61,22.5801,23.38,454638,22.13,20.29,16.71,,21.068234134491266,26.592152002126028,1.9747529943345752
96,22.64,22.98,22.15,22.66,353462,22.54,20.47,16.97,,21.128697551038496,23.55476348783833,1.9215563518821055
97,22.7,23.4,22.1601,22.6,380269,22.72,20.62,17.19,,22.051278646408708,23.650780298646783,1.872866612461955
98,22.62,25.55,22.62,24.78,611094,23.23,20.85,17.45,,22.041546828396374,25.355301256880214,1.9498047115718153
99,24.65,26.35,24.58,25.27,516963,23.82,21.2,17.68,,21.834924776310505,26.625614630239223,1.9369615178881143
100,24.74,25.95,24.3772,25.73,815143,24.02,21.47,17.94,,22.78122316534873,26.349999999999977,1.9109499808961063
101,25.74,27.53,25.53,25.81,767010,23.89,21.87,18.17,,24.21362973786459,27.431462111116517,1.9173106965463844
102,24.1255,24.64,23.5,23.76,418398,24.06,22.15,18.38,,23.4509534051219,27.487100549374503,1.9453599325073567
103,23.8,24.33,22.3,22.36,475302,24.04,22.36,18.55,,22.14398992789279,27.26485126852094,1.951405651613974
104,22.16,23.09,22.06,22.35,657185,23.92,22.59,18.69,,21.848507939120594,24.840182906429977,1.8855909622129758
105,22.89,23.62,22.08,22.62,1210968,23.92,22.81,18.81,,22.01350010429729,24.302173609212016,1.8609058934834777
106,22.9,23.75,22.6001,23.25,391000,23.99,23.02,18.96,,21.940483295687606,23.836285506738598,1.8101197582346578
107,23.41,24.47,23.03,23.89,518066,23.89,23.26,19.12,,22.094320180968083,24.404523995245405,1.7836826326464679
108,24.38,25.1999,23.06,23.78,1969644,23.73,23.4,19.29,,22.63939926156354,25.198255633125186,1.8091267303145773
109,24.0,25.17,24.0,24.78,825920,23.62,23.64,19.51,,22.81175982659712,25.3596805501661,1.779189106720679
110,25.55,26.59,24.87,25.4,1163194,23.58,23.9,19.72,,23.071441096251604,26.46464374342814,1.781389884812059
111,25.8,25.8,23.83,24.76,656620,23.69,23.95,19.96,,23.675450430446638,26.564834094635337,1.794862035896912
112,24.37,24.37,20.46,20.8201,1603884,23.52,23.64,20.13,,20.748027858275137,26.71193700455589,1.9738004619042755
113,21.0,21.54,19.64,20.15,1656894,23.27,23.54,20.28,,19.08943700832425,26.07133548585377,1.9685290003396845
114,18.86,19.2699,18.1,19.16,3028702,22.89,23.37,20.38,,18.20183473594,24.28180045180781,1.9743483574582783
115,18.74,18.921,17.785,18.35,2610756,22.34,23.11,20.45,,17.515706347334408,21.332402095490938,1.9315377604969728
116,18.86,20.1,18.35,19.89,6636864,21.9,22.98,20.57,,17.79521086277807,20.035945416064312,1.918570777604332
117,20.1,20.16,18.65,20.13,1100478,21.49,22.85,20.69,,17.82245335478585,20.425660861934976,1.889387150632594
118,20.29,22.48,20.285,21.92,2403958,21.18,22.71,20.84,,18.05357069370985,22.27043809470333,1.9222880684445518
119,21.95,22.6,20.95,21.0,1740430,20.69,22.5,20.97,,18.77806693139578,23.122069637920234,1.9028389206985128
120,20.8,21.22,20.36,20.76,2389936,20.24,22.25,21.1,,20.167443749576982,22.86446059414454,1.8283504263629047
121,20.68,20.98,20.2073,20.37,1335808,20.19,21.98,21.2,,20.11354636717502,22.474299719775658,1.7529468244798403
122,20.39,21.83,20.39,21.58,736684,20.35,21.87,21.33,,20.221123319100997,21.7815494139752,1.7320220513027087
123,21.669,21.72,21.03,21.54,873576,20.62,21.83,21.45,,20.110419718578754,21.972276973252825,1.6575919047810865
124,21.78,23.12,21.55,23.07,1006558,21.14,21.86,21.52,,20.408966438146653,23.001814761071444,1.652049625868152
125,23.07,23.69,22.7,23.0,879962,21.49,21.88,21.63,,20.905424081780925,23.85705584631862,1.60476036687757
126,23.0,23.15,21.32,22.0,1070914,21.69,21.82,21.68,,21.117320108323888,23.640780298646746,1.6208489121006007
127,21.95,23.5,21.95,22.6,658860,21.77,21.75,21.75,,21.299130982023378,23.72058879672051,1.6157882755219863
128,22.6,23.1,21.53,21.57,755041,21.83,21.64,21.78,,21.27921970135312,23.467944947176775,1.6125176844132731
129,21.98,22.48,21.2,21.5,815446,21.91,21.48,21.84,,21.184101077415782,23.540605703258763,1.5887664212408965
130,21.9,22.0045,20.8,21.81,1493424,22.07,21.3,21.87,,20.811107733889326,23.077502705292556,1.5613188197236896
131,21.59,21.6,20.2,20.5,1571072,21.95,21.09,21.92,,20.230011037648648,22.468643775417117,1.5647960468862832
132,20.4,20.78,19.56,20.39,2091244,21.83,21.06,21.97,,19.56655914910758,22.085388411496634,1.5401677578229775
133,19.8,20.07,19.23,19.5,1052578,21.43,21.03,21.99,,19.170146418124425,21.58232542442569,1.5130129179784793
134,20.09,20.3,19.3,19.35,1393720,21.02,21.04,22.02,,19.18945598192357,20.745594749072122,1.4763691381228736
135,19.49,20.1,19.2,19.35,707974,20.73,21.09,22.05,,19.192017318939453,20.28169999555566,1.4351999139712401
136,19.55,19.61,18.98,19.44,567648,20.38,21.07,22.06,,18.996292944562743,20.358345070228125,1.3776856344018658
137,19.86,21.03,19.6262,20.79,592714,20.29,21.1,22.09,,18.940195948347586,20.967938691171337,1.392850946230304
138,21.14,21.58,20.82,21.2,230310,20.26,21.07,22.1,,18.875251242807067,21.756513649686884,1.3497901643567107
139,21.28,21.6,20.45,20.5,551795,20.11,21.04,22.1,,19.687627112342827,21.72680409450522,1.3355194383312317
140,20.18,20.32,19.87,20.1602,150998,20.08,21.01,22.11,,19.90114720424752,21.899969696343422,1.2851251927361436
141,20.25,20.48,19.76,19.78,412267,20.01,20.98,22.02,,19.65594664652574,21.497423830966333,1.2447591075407047
142,19.66,19.8963,19.18,19.53,243675,20.01,20.88,21.87,,19.232613313192427,20.533714372999235,1.2070120284306545
143,19.71,20.68,19.41,20.33,340132,20.12,20.82,21.84,,19.157938362669903,20.759304162552066,1.2115111692570364
144,20.38,20.66,20.0348,20.45,200821,20.24,20.69,21.79,,19.099265646823653,20.85890782222308,1.1696318000243908
145,19.99,21.1,19.75,20.56,389107,20.37,20.57,21.74,,19.418793861952892,21.06179526871396,1.1825152428797916
146,20.61,20.73,19.78,20.58,414572,20.34,20.49,21.7,,19.698443674463228,21.066431808350224,1.1659070112455208
147,20.68,21.79,20.53,21.45,500556,20.37,20.44,21.67,,19.578072404120363,21.74465675331614,1.1726279390136978
148,21.29,21.55,20.56,20.84,384158,20.41,20.4,21.59,,19.84807240412036,21.912484382588993,1.1595830862270053
149,20.72,21.46,20.52,21.27,775746,20.53,20.39,21.51,,20.515850006672792,21.770587221091702,1.1438985800679335
150,21.55,22.37,21.28,21.99,1124282,20.78,20.4,21.44,,20.35895960180415,22.29476461809041,1.1407629672059385
151,21.56,21.615,19.75,20.25,1489163,20.86,20.39,21.33,,19.75166122006298,22.301852133609174,1.2192798981198
152,20.69,20.7808,20.02,20.49,496139,20.88,20.39,21.26,,19.53336054467105,22.383528852162122,1.1865313339683856
153,20.32,21.39,20.32,21.03,748813,20.94,20.47,21.24,,19.744868451412415,21.693527139281827,1.1782076672563582
154,21.0,22.0,20.8,21.87,711636,21.09,20.59,21.23,,19.986553688541928,21.999866710411016,1.1797642624523326
155,21.59,21.661,20.71,21.29,554380,21.16,20.69,21.2,,20.3548529835566,21.989297707847257,1.1783525294200232
156,21.36,21.9,20.93,21.67,699345,21.19,20.8,21.17,,20.702728933179877,22.02785143446552,1.1634702058900215
157,21.85,23.58,21.31,21.56,1085606,21.27,20.84,21.12,,20.679798601657847,23.426125058933213,1.2425080483264486
158,21.05,21.53,20.98,21.29,314241,21.27,20.84,21.07,,20.86685492445407,23.42920194451044,1.1951860448745593
159,21.35,21.48,20.13,20.54,516911,21.11,20.85,20.99,,20.19787003943118,23.39492929786784,1.2062441845263765
160,20.02,20.2012,19.55,19.84,649161,21.06,20.83,20.88,,19.500764294545966,21.823564311421993,1.1907981713459208
161,20.09,20.36,19.66,19.75,339093,20.98,20.83,20.78,,19.471941563985098,21.377411104645933,1.1557411591069267
162,19.94,20.08,19.65,19.76,439437,20.84,20.84,20.75,,19.55917237469748,20.35415346484249,1.1039025048850033
163,19.95,20.9,19.9,20.83,282814,20.73,20.87,20.77,,19.59512750836311,20.86347997419542,1.1064808973932172
164,20.97,21.71,20.96,21.23,894551,20.72,20.9,20.81,,19.474514558024428,21.711671779124917,1.090303690436559
165,21.19,21.73,20.705,21.35,565196,20.68,20.94,20.87,,19.96839608789594,21.920199488478534,1.0856391411196622
166,21.32,21.4,20.53,21.07,599867,20.63,20.97,20.89,,20.515429913700633,21.798355854484452,1.0702363453254005
167,20.9,21.57,20.73,21.41,720692,20.64,20.97,20.92,,20.54602752641167,21.731691917259155,1.0537908920878718
168,21.41,21.82,20.78,21.61,619491,20.76,21.01,20.91,,20.547712434446925,21.807932691699357,1.0528058283673094
169,21.28,21.5,20.17,20.58,352325,20.84,20.97,20.9,,20.22132611556254,21.79822603841196,1.0804625549125015
170,20.48,21.01,20.3,20.52,211042,20.93,20.9,20.9,,20.09536722170404,21.851295749902683,1.0540009438473228
171,20.4,20.5,19.84,20.18,442464,20.98,20.89,20.9,,19.86619764784233,21.50336666555538,1.0272865907153712
172,20.29,20.95,20.0,20.34,465013,20.92,20.89,20.87,,19.81314293482494,21.098747197294866,1.0217661199499875
173,20.47,20.97,19.82,20.27,476916,20.81,20.85,20.84,,19.788009009420584,21.072435990203214,1.0309256828107025
174,21.0,22.07,20.7,22.0,791030,20.89,20.85,20.82,,19.708431910090418,21.9709368143583,1.085859562609938
175,22.35,23.165,22.09,23.0,1068781,21.1,20.94,20.82,,19.725491371810612,23.165834282459638,1.0915124509949425
176,22.76,23.14,22.11,23.0,579781,21.28,21.01,20.84,,20.82498109987734,23.416773324232548,1.087118704495304
177,23.2,23.77,22.4435,22.99,1108947,21.43,21.08,20.85,,22.015928224563588,23.71506619323444,1.104217368459925
178,22.8,23.14,22.33,22.68,735934,21.66,21.15,20.87,,22.124939538807038,23.713730669589307,1.0832018421413592
179,22.48,22.5655,20.72,20.72,1417147,21.69,21.16,20.86,,20.867196188211388,23.760963069407474,1.1458302819884052
180,21.02,22.03,20.91,21.12,485821,21.79,21.22,20.84,,20.44017047105706,23.13361417744446,1.157556690417805
181,21.23,21.34,20.43,20.6307,420454,21.82,21.26,20.85,,20.4449367898759,22.59287101982418,1.139874069673676
182,20.92,21.2129,20.4,20.94,279822,21.9,21.32,20.86,,20.293818239575018,21.96731253836026,1.1165187789826994
183,21.36,21.6694,20.65,20.68,404299,21.75,21.32,20.88,,20.35682936513726,21.643035759749335,1.109581723341078
184,20.76,20.95,19.92,20.51,575395,21.47,21.28,20.9,,19.952343665912164,21.641449134272108,1.103897314531001
185,20.07,20.59,19.84,20.13,371233,21.16,21.22,20.92,,19.690311053580793,21.61938176825633,1.0786189349216437
186,20.21,20.8,20.2,20.45,326500,20.87,21.19,20.94,,19.797634041616746,20.96083141319952,1.0494318681415264
187,20.56,21.09,20.295,20.86,259984,20.67,21.16,20.94,,19.871649306183578,21.077731067434822,1.0312581632742746
188,21.01,21.01,19.67,20.32,631323,20.63,21.1,20.92,,19.718213717619122,21.116444279590226,1.0533111516118263
189,20.36,20.9,19.96,20.08,439254,20.51,21.07,20.92,,19.66223011653944,21.095393920140378,1.045217497925267
190,20.25,20.48,20.08,20.28,211340,20.47,21.06,20.92,,19.69254117661667,21.076368889276836,0.9991305337877482
191,20.25,20.47,19.79,20.23,300375,20.39,21.06,20.93,,19.79761671337094,20.862091468455436,0.976335495660052
192,20.34,21.12,20.04,21.1,280010,20.44,21.1,20.96,,19.8128376635452,21.06242448899036,0.9837401031129056
193,20.8,21.81,20.1417,21.8,628019,20.58,21.18,20.99,,19.809580580645484,21.8034328284332,1.0326372386048408
194,21.8,21.8,20.84,21.16,423758,20.7,21.13,21.0,,19.905065847685485,21.97218320656496,1.027448864418781
195,21.18,21.31,20.33,20.8,302984,20.74,21.02,21.01,,20.075944026359988,21.92583211855876,1.0240596598174394
196,20.8,20.99,20.42,20.78,159157,20.73,20.91,21.01,,20.257786848223763,21.774629083236018,0.9916268269733364
197,20.73,21.09,20.44,20.63,165178,20.76,20.8,20.99,,20.33807201389629,21.293707055436712,0.9672249107609552
198,20.5,21.11,20.4,20.51,267344,20.81,20.69,20.99,,20.400000000001295,21.127624338404715,0.9488517028494585
199,20.57,21.06,20.47,20.58,116309,20.84,20.68,20.97,17.73,20.401547820824554,21.11183278144606,0.9232194383602115
200,20.5,20.9299,20.5,20.69,79801,20.89,20.66,20.95,17.77,20.40535065227269,21.12627133966849,0.8879823356201964
201,20.86,22.52,20.54,22.47,796637,21.05,20.75,20.99,17.83,20.468214487491185,22.38618768821395,0.965983597361611
202,22.38,22.41,20.41,20.43,448344,20.89,20.72,20.99,17.86,20.416750052148913,22.841295309672187,1.0441276261214958
203,20.63,21.37,20.63,21.03,208241,20.88,20.74,20.99,17.9,20.416062266513304,22.73458647952805,1.036689938541389
204,21.29,21.81,21.0,21.76,311475,20.99,20.8,20.99,17.95,20.38183896968256,22.38538058534519,1.020497800074147
205,22.0,22.29,21.6,22.14,607499,21.14,20.9,21.01,18.0,20.587143088753095,22.283478238046108,0.996890814354565
206,22.0,23.0,21.8,22.96,687642,21.4,21.03,21.03,18.06,21.050333466773466,22.96535968761576,1.011398613329239
207,23.0,23.19,22.25,22.32,359095,21.6,21.1,21.05,18.11,21.55041692740938,23.30104345080895,1.0062987123771505
208,22.5,22.82,21.3,21.3,254376,21.68,21.15,21.05,18.16,21.308114085687237,23.18835585448464,1.0429916614930683
209,21.46,21.46,20.82,20.93,117764,21.7,21.2,21.06,18.21,20.72890754900938,23.400988474131164,1.014206542814992
210,20.86,20.965,19.97,20.44,315201,21.48,21.2,21.07,18.25,20.02314359109072,22.708858363373228,1.0128346468996354
211,20.5,21.26,20.3,20.42,355490,21.48,21.21,21.08,18.3,19.93480873271713,21.47734805846644,1.0090607435496617
212,20.52,21.22,20.52,21.16,185008,21.49,21.22,21.11,18.34,19.98650607070685,21.30835937288038,0.9941278332961142
213,21.18,21.25,19.71,19.74,283208,21.27,21.11,21.09,18.38,19.757819041230793,21.264149993322757,1.0331187023463917
214,19.82,20.11,19.38,20.045,515346,21.04,21.06,21.06,18.43,19.283399624957568,21.509692234831054,1.0114673664645066
215,20.0,21.075,20.0,20.605,463792,20.77,21.05,21.05,18.48,19.386451687445405,21.425595272722045,1.0160054117170418
216,20.73,21.31,20.32,21.3,421979,20.66,21.07,21.05,18.53,19.42208787418614,21.467597742596364,1.0141478823086816
217,21.16,22.18,21.01,22.16,390398,20.76,21.15,21.07,18.59,19.927161527310112,22.10378206187033,1.0252801764294899
218,21.94,22.38,21.7,22.35,485596,20.91,21.24,21.08,18.64,20.32000000000003,22.525554470484895,1.0006173066845263
219,22.08,22.59,21.425,21.59,269812,21.04,21.29,21.1,18.7,21.030974249195157,22.58835365752863,1.0123589276356315
220,21.6,22.38,21.38,22.24,464074,21.24,21.37,21.14,18.76,21.32843753131895,22.57124355652904,1.0114761470902294
221,22.23,23.21,22.0,22.44,2946080,21.39,21.37,21.18,18.81,21.255966893260144,23.158214269293715,1.0256564222980702
222,22.63,24.95,22.28,22.32,918573,21.67,21.46,21.22,18.87,21.42608732134892,24.824909992676265,1.1431095349910652
223,22.335,22.335,20.78,21.52,509597,21.84,21.49,21.25,18.93,20.889086994575333,24.829463805275573,1.1725302824917032
224,21.8,22.79,21.739,22.5,766753,22.05,21.52,21.26,18.99,20.840021793496764,24.755404674866455,1.1794924051708673
225,22.5,22.86,20.87,21.51,1003413,22.07,21.49,21.23,19.05,20.60005328566756,22.94672514019998,1.2373858048015194
226,21.59,22.184,21.03,21.83,372828,22.03,21.44,21.2,19.11,20.75049918918993,22.98306621233806,1.2314296758871253
227,21.75,22.75,21.55,22.32,1589488,22.03,21.44,21.19,19.17,20.794472223307416,22.96072854864183,1.2291846990380448
228,23.0,23.77,21.89,22.28,822057,22.11,21.48,21.18,19.23,21.056871843445865,23.705090344707514,1.275671506249613
229,22.33,22.69,21.4124,21.72,306911,22.05,21.52,21.2,19.3,21.371622705314515,23.676959636219596,1.2758092558032121
230,21.5,21.5,20.5,20.73,405378,21.86,21.54,21.19,19.35,20.561223611243598,23.788777446151375,1.2718228803886968
231,20.68,20.96,20.57,20.69,266378,21.68,21.55,21.2,19.41,20.31969186093749,22.601784361288757,1.208835531789504
232,20.65,21.0,20.23,20.54,426533,21.57,21.52,21.19,19.46,20.253796893206843,21.454220909236867,1.1774901366616823
233,20.95,21.88,20.81,21.78,254657,21.49,21.62,21.21,19.52,20.245233426741475,21.79999999999978,1.1890979840429907
234,21.8,22.66,21.65,22.1,322047,21.55,21.73,21.24,19.58,20.182710552235744,22.677168522975915,1.176305270897063
235,21.61,21.94,20.78,20.81,807610,21.44,21.74,21.26,19.63,20.5861376710054,22.594050688283964,1.1865691801187013
236,20.91,21.57,20.0,20.12,461230,21.2,21.68,21.25,19.68,19.984591010468165,22.61095299459937,1.2139570958245083
237,19.7,20.5899,19.35,20.39,1179787,20.99,21.59,21.24,19.74,19.327349162186174,22.064280094476185,1.215810160408472
238,19.74,20.87,19.5,20.25,812171,20.82,21.48,21.24,19.79,19.276323702389046,21.51478544933338,1.2268237203792953
239,20.08,20.7,19.84,20.62,580653,20.81,21.44,21.25,19.85,19.312268932564766,20.861080108028926,1.2006220260664886
240,20.6,21.0,19.94,20.25,704888,20.76,21.34,21.25,19.9,19.529348748106695,21.007110454617845,1.190577595633168
241,20.15,20.81,19.87,19.93,1117168,20.69,21.21,21.24,19.95,19.83201731893936,20.988434032503662,1.1726791959450844
242,20.34,20.37,19.41,19.98,692748,20.49,21.09,21.22,20.0,19.452076399022324,21.049828133016074,1.15748782480615
243,20.04,20.68,19.92,20.17,1011176,20.28,21.03,21.19,20.05,19.45220465579708,20.84605309110863,1.1290958373199962
244,20.04,20.2,19.33,20.01,698147,20.19,20.9,21.16,20.1,19.233281254237937,20.66004565781648,1.1105889917971394
245,19.45,19.98,19.31,19.92,291560,20.17,20.82,21.15,20.15,19.173445530976803,20.64462383356391,1.0812612066687726
246,19.91,20.26,19.85,19.97,430718,20.12,20.73,21.13,20.2,19.190507666581283,20.29408896258252,1.0333139776210032
247,19.59,19.8,19.22,19.36,391159,20.02,20.58,21.1,20.24,19.119265499252055,20.245137848675686,1.0130772649337887
248,18.79,19.99,17.76,19.91,725579,19.94,20.46,21.09,20.28,17.871217046108256,20.247823179300646,1.100000317438518
249,19.28,19.85,19.05,19.19,601370,19.83,20.34,21.06,20.31,17.878272444910724,19.978488578016787,1.082857437621481
250,19.29,19.4399,18.27,18.4,290273,19.66,20.22,21.02,20.34,17.710307765168817,20.04585476248932,1.089074763505661
251,18.0,18.67,17.36,18.23,575982,19.46,20.1,20.93,20.36,17.380833743842498,19.919039286081965,1.104855137540971
252,18.53,19.32,18.53,19.1,260942,19.34,20.02,20.91,20.38,17.438977301920545,19.55755073325194,1.1037940562880446
253,18.88,19.37,18.43,18.48,170897,19.17,19.86,20.86,20.41,17.458104153617025,19.51051248379504,1.0920944808388986
254,18.39,18.52,17.37,17.5,260509,18.9,19.63,20.77,20.42,17.467193652800525,19.54696960070823,1.0962305893504058
255,17.26,17.3,15.94,16.31,475518,18.5,19.4,20.65,20.42,15.997093406176003,19.437163342938685,1.129356975825377
256,16.54,17.0,15.57,16.84,740996,18.22,19.24,20.53,20.42,15.342737029251907,18.41173395163925,1.1508314775521358
257,16.38,16.76,15.1,15.42,472982,17.72,18.99,20.39,20.42,15.115675772070045,17.290554985169006,1.192914943441269
258,15.85,16.72,15.686,16.68,293683,17.44,18.81,20.3,20.43,15.14169047710402,16.978104222554034,1.2005638760526067
259,16.7,17.21,16.2,16.29,448351,17.21,18.6,20.21,20.44,15.111607412840678,17.168757337828204,1.186952170620278
260,16.87,17.72,16.64,17.47,262254,17.12,18.46,20.15,20.45,15.697855236104495,17.71669999888876,1.2043127298616867
261,17.02,17.3,16.69,17.04,188357,16.89,18.31,20.08,20.48,16.24037062474586,17.682213151775947,1.174004677728709
262,17.04,17.42,16.74,16.95,208982,16.72,18.16,20.0,20.5,16.640000000000605,17.696333076527363,1.1387186293195157
263,17.01,17.22,16.45,16.64,241383,16.63,17.99,19.94,20.52,16.47163978727708,17.413997792469274,1.1123815843681217
264,16.29,16.88,15.94,16.64,372747,16.66,17.82,19.87,20.53,15.971656378731566,17.446341269725547,1.1000686140561131
265,16.3,16.495,15.9,15.92,235544,16.56,17.62,19.77,20.54,15.790018116477249,17.227732683942058,1.0743494273378194
266,15.92,16.19,15.62,15.74,399455,16.6,17.41,19.66,20.54,15.645644042258544,16.8674387495958,1.038324468242261
267,16.1,16.36,15.69,15.835,395829,16.5,17.23,19.54,20.55,15.590950046704242,16.501167666299317,1.012015577653528
268,15.88,15.97,15.23,15.32,174347,16.4,17.0,19.4,20.56,15.265475847399836,16.368866791680396,0.9925858935354188
269,15.3,15.53,14.86,14.98,603531,16.12,16.79,19.26,20.56,14.844187542274234,16.368584261487825,0.9695440439971746
270,14.63,15.14,14.52,14.82,481367,15.87,16.61,19.12,20.56,14.514894381908787,15.961917594821173,0.9445766122830909
271,14.84,15.46,14.65,15.09,451579,15.66,16.45,18.97,20.56,14.50510521023407,15.584592935649649,0.9349639971200131
272,14.84,14.84,13.69,13.93,695168,15.36,16.19,18.8,20.56,13.765866001024548,15.456720425445996,0.9681808544685836
273,13.97,14.56,13.61,14.46,367052,15.12,15.99,18.66,20.55,13.404599082287767,15.413912678650942,0.9668822220065421
274,14.74,14.9791,14.51,14.79,288372,15.0,15.86,18.51,20.53,13.438536830847458,15.006494344605183,0.9348977775775034
275,15.21,15.81,15.1317,15.35,337896,14.95,15.81,18.38,20.51,13.652153622889204,15.752571510512727,0.940976507750539
276,15.45,15.45,14.66,14.76,242068,14.83,15.71,18.24,20.49,14.44280774350837,15.829714990396829,0.9301924714826433
277,14.66,15.87,14.57,15.68,206363,14.87,15.72,18.11,20.47,14.48554149828758,15.937156333831654,0.9566072949481687
278,15.76,15.76,15.0,15.43,314271,14.92,15.66,17.97,20.45,14.516544150757811,15.911125282985225,0.9425639167375852
279,15.58,15.95,15.42,15.75,110914,15.03,15.63,17.85,20.44,14.571656862858243,15.955393920140825,0.9130950655420434
280,15.64,15.7,15.15,15.54,291525,15.08,15.53,17.75,20.41,14.977162033462204,15.933845146335717,0.8907311322890403
=======
0,11.01,12.38,11.01,12.34,674847,,,,,,,1.370000000000001
1,12.06,13.38,12.01,13.25,760077,,,,,,,1.370000000000001
2,13.27,13.39,12.82,12.96,287969,,,,,,,1.3128571428571438
3,12.91,13.23,12.8,12.97,388711,,,,,,,1.249795918367348
4,12.95,13.17,12.13,12.16,479214,,,,,,,1.234810495626823
5,11.68,11.85,10.87,11.01,601376,,,,,,,1.2387526030820502
6,11.32,12.22,11.32,11.5,604562,,,,,,,1.2366988457190466
7,11.3,11.69,11.13,11.24,292454,,,,,,,1.1883632138819717
8,10.93,11.2,10.3,10.72,668304,12.02,,,,,,1.170622984318974
9,11.11,11.8,10.78,11.7,1006430,11.95,,,,,,1.1641499140104759
10,10.81,11.88,10.7,11.2,406278,11.72,,,,,,1.1652820630097276
11,11.5,12.69,10.5,12.58,723980,11.68,,,,,,1.2384762013661756
12,11.22,12.0,11.14,12.0,570756,11.57,,,,,,1.2528707584114487
13,11.97,11.97,10.9,10.95,377894,11.43,,,,,,1.2419514185249165
14,11.15,11.38,10.41,10.62,491336,11.39,,,,,,1.2225263172017085
15,10.63,11.17,10.54,10.91,293986,11.32,,,,,,1.180203008830158
16,11.3,11.84,10.71,10.87,631932,11.28,,,,,,1.176617079628004
17,11.0,11.39,10.7801,10.92,498808,11.31,,,,,,1.1361372882260037
18,10.8,11.21,10.5,10.58,463004,11.18,,,,,,1.1056989104955748
19,10.51,11.2,10.48,10.89,492424,11.15,11.57,,,9.573972882278671,13.565595927445285,1.0781489883173194
20,10.86,11.1,10.46,10.54,227070,10.92,11.48,,,9.520541825699734,13.550650919027296,1.0468526320089393
21,10.5,10.86,10.15,10.26,436460,10.73,11.33,,,9.443479184247783,13.356982485375317,1.0227917297225864
22,10.1,10.28,9.92,10.17,256740,10.64,11.19,,,9.500254304256957,13.179088483625103,0.9754494633138302
23,10.0,10.29,9.93,10.22,448072,10.6,11.05,,,9.672763552166105,12.977704572875979,0.9314887873628424
24,10.08,10.2354,9.16,9.9,590606,10.48,10.94,,,9.547279505244742,12.733266852424563,0.9417681596940679
25,9.99,10.08,9.66,9.845,392500,10.37,10.88,,,9.426955148596019,12.754109335987394,0.904499005430206
26,10.11,10.35,9.9866,10.0,246720,10.27,10.81,,,9.419105948562995,12.658548347975412,0.8759633621851913
27,9.96,10.2,9.8,9.82,190020,10.18,10.73,,,9.37886930687692,12.637642542930172,0.8419659791719633
28,9.99,10.13,9.45,9.5,282800,10.03,10.67,,,9.256993050776597,12.653170946580572,0.8303969806596804
29,9.41,9.65,9.08,9.54,401476,9.92,10.57,,,9.065567231916095,12.63754478321351,0.8117971963268461
30,9.41,9.76,9.06,9.15,844784,9.79,10.46,,,8.898867841731304,12.56444417802952,0.8038116823034999
31,9.04,10.09,9.02,9.87,373814,9.76,10.33,,,8.743147443979876,12.238081364932214,0.8228251335675356
32,10.82,10.82,9.7,10.04,1325428,9.74,10.23,,,8.76674019550535,12.06001856050283,0.8440519097412832
33,10.24,10.98,10.064,10.62,627500,9.82,10.21,,,8.802247520783618,11.881891123802905,0.850905344759763
34,10.46,10.68,9.9,10.01,610952,9.84,10.18,,,8.798096978820096,11.798448432248307,0.8458406772769228
35,9.76,10.38,9.76,10.09,343300,9.85,10.14,,,8.796688951462192,11.733505444542429,0.8297092003285713
36,10.07,10.3094,9.6,9.6,230272,9.82,10.08,,,8.809027905090728,11.496391252735378,0.8211156860193877
37,9.68,10.1847,9.68,9.98,142198,9.88,10.03,,,8.85866655091798,11.351648817404309,0.8042288513037171
38,9.96,9.965,9.28,9.28,261924,9.85,9.97,,,8.841801445832141,11.236380839978102,0.7967839333534517
39,9.36,9.9,9.33,9.43,246458,9.88,9.89,,,8.85025517841415,11.103292446389311,0.7841565095424909
40,9.73,9.95,9.55,9.67,206388,9.86,9.85,,,8.901233968797685,10.968054347053997,0.7652881874323131
41,9.78,10.15,9.75,10.07,362170,9.86,9.84,,,8.925266446539078,10.873987085758966,0.7449104597585765
42,10.08,10.08,9.807,10.04,67936,9.8,9.83,,,8.929890894138467,10.8661842789592,0.711202569775821
43,9.9,10.0,9.8,9.86,184444,9.78,9.82,,,8.93574200239253,10.85695792094173,0.6775452433632623
44,9.85,10.08,9.63,10.05,394669,9.78,9.82,,,8.989291996662603,10.850823092398882,0.6612920116944578
45,10.2,10.2,9.87,10.01,332974,9.82,9.83,,,8.987918483228473,10.85491935100394,0.6376282965734251
46,10.2,11.405,10.105,11.28,893272,9.97,9.9,,,8.976457539506997,11.100434690665606,0.6917262753896091
47,11.59,12.3,11.41,12.14,763123,10.28,10.01,,,8.667770922043212,11.604559059290816,0.7151743985760657
48,12.47,13.38,12.47,13.34,1096420,10.72,10.2,,,8.24153963944927,12.352398473666922,0.752661941534918
49,13.0,13.69,12.9,13.06,1169124,11.09,10.38,10.78,,7.971193492047023,12.990857762777505,0.7553289457109953
50,13.0,14.29,13.0,14.22,957472,11.56,10.63,10.81,,7.8344654120266695,13.673160224620258,0.7935197353030671
51,14.25,14.96,13.01,13.38,1133672,11.93,10.81,10.82,,7.805185397263097,14.419054738054601,0.8761254684957053
52,13.46,13.8,13.0,13.78,442698,12.36,11.0,10.83,,7.757415834020312,14.765768486210733,0.8706879350317264
53,13.72,15.23,13.6,15.07,971926,12.92,11.22,10.87,,7.647649177650111,15.387836009686984,0.9249245111008888
54,15.44,16.81,15.44,16.8,1247880,13.67,11.56,10.97,,7.3255990163379705,16.328990541391175,0.9831441888793966
55,16.85,16.94,15.642,15.93,1098860,14.19,11.85,11.06,,7.149191203715837,17.138041584790322,1.0056338896737256
56,16.21,16.43,15.02,15.52,1070160,14.57,12.15,11.15,,7.199965908943465,17.70631144956663,1.0345171832684594
57,15.01,15.75,14.7,15.5,951358,14.81,12.42,11.23,,7.344570467169571,18.06057109439871,1.0356230987492838
58,15.18,15.21,13.94,14.03,1117272,14.91,12.66,11.3,,7.659069759351109,18.257960295661356,1.0730785916957637
59,14.63,14.99,14.27,14.46,1989671,14.94,12.91,11.35,,8.006098558198678,18.36491245501104,1.0650015494317806
60,14.46,14.7063,12.75,12.8,1741344,14.88,13.07,11.38,,8.36887721204458,18.38674727214392,1.128665724472368
61,13.11,13.26,12.55,12.62,999208,14.75,13.19,11.38,,8.717280786653571,18.280562818286235,1.0987610298671988
62,12.59,12.8,11.98,12.6,799376,14.47,13.32,11.4,,9.042261339817902,18.12060396247239,1.0788495277338275
63,12.74,14.2,12.655,14.04,716376,14.17,13.53,11.46,,9.453501949001307,17.94015722050872,1.1160745614671257
64,14.13,14.72,14.05,14.7,1041318,14.03,13.76,11.54,,10.00596207178885,17.711991186196304,1.0849263785051884
65,14.82,14.835,13.98,14.31,597944,13.9,13.98,11.61,,10.595432124319583,17.374346770261244,1.0685030657548178
66,14.08,14.73,13.8,13.96,670074,13.72,14.11,11.67,,11.235457358915825,17.15060252864554,1.0586099896294736
67,14.0,14.72,13.9,14.45,1105576,13.77,14.23,11.74,,11.581970519848838,17.01317821989266,1.041566418941654
68,14.31,14.75,13.725,14.2,630658,13.74,14.27,11.81,,11.7190785047836,16.98406231097404,1.0403831033029645
69,14.0,15.05,13.795,14.3,1122564,13.91,14.33,11.88,,11.799467045748225,16.983485715867662,1.055712881638467
70,14.55,15.48,14.3001,15.39,908670,14.22,14.39,11.98,,11.881867734394323,17.0364763034781,1.0645905329500052
71,14.98,15.28,14.6301,15.16,1111696,14.5,14.48,12.08,,11.967454389310232,17.057143861708248,1.0428269234535763
72,15.63,16.17,15.36,15.79,470622,14.7,14.58,12.19,,12.025633943696459,17.161436190784716,1.0404821432068925
73,15.62,20.81,15.51,19.25,3237134,15.2,14.79,12.37,,12.021450454825253,18.662675065392982,1.3447334186921145
74,19.68,19.76,17.5,17.86,1388916,15.6,14.84,12.53,,11.686731753414987,19.307996947263984,1.4101096030712492
75,17.6,20.37,17.44,19.08,1688712,16.16,15.0,12.71,,11.452519362752252,20.021538707105428,1.5186732028518743
76,19.24,20.4589,19.0301,19.47,1423632,16.72,15.2,12.9,,10.956166580897014,20.7138975424652,1.5122536883624549
77,20.01,20.7599,19.57,20.13,2162721,17.38,15.43,13.11,,10.532200720039995,21.430083763452753,1.496371282050851
78,20.5,20.525,18.36,18.43,640284,17.84,15.65,13.29,,10.474148247386594,22.02117049238971,1.5441304761900758
79,19.36,20.53,18.54,20.18,558511,18.37,15.94,13.5,,10.426492074913767,22.543200623328982,1.583835442176499
80,20.0,20.2268,17.92,17.94,528320,18.68,16.19,13.68,,10.677088016379994,22.94367026042225,1.6354757677353207
81,17.95,18.4171,17.63,18.08,461093,18.94,16.47,13.84,,11.037309066472783,22.967475290663177,1.5748774986113694
82,18.0,18.38,17.76,18.17,261268,18.82,16.74,14.0,,11.584435210409174,22.869864368157995,1.5066719629962715
83,18.04,18.16,17.64,17.85,159839,18.81,16.93,14.15,,12.06705781292565,22.841066499417465,1.4369096799251095
84,17.79,18.59,17.78,18.23,155242,18.72,17.11,14.31,,12.329907086675737,22.848985743896826,1.392130417073316
85,18.23,19.27,18.23,18.97,225165,18.66,17.34,14.49,,12.633311547331942,22.886466028810926,1.366978244425222
86,19.14,19.48,18.97,19.02,386411,18.54,17.6,14.68,,12.99278699371479,22.879336590460344,1.3057655126805634
87,20.4,21.98,20.175,20.97,936093,18.82,17.92,14.9,,13.306159736222863,23.177321259346684,1.423925118917666
88,21.23,21.42,20.15,20.15,847464,18.82,18.22,15.11,,13.77511092911275,23.249702760905194,1.4129304675664045
89,20.19,20.77,19.61,20.0,260764,19.05,18.51,15.33,,14.3936599563601,23.147660826722174,1.3948640055973758
90,20.66,24.06,20.305,23.95,1064466,19.7,18.93,15.61,,14.945062502771712,23.676732147290796,1.5852308623404203
91,24.0,28.8,24.0,26.99,2023522,20.68,19.53,15.95,,14.854304355296147,25.57024016722963,1.8184286578875333
92,26.6,26.89,21.9,22.19,1051702,21.16,19.85,16.19,,15.221312340937612,26.45352846076782,2.0521123251812807
93,22.75,23.0,21.04,22.55,670584,21.64,20.01,16.45,,15.748127413093199,26.635645927145738,2.045532873382618
94,22.67,23.61,22.5801,23.38,454638,22.13,20.29,16.71,,15.779942076692794,26.900254577854547,1.9751376681410022
95,22.64,22.98,22.15,22.76,332721,22.55,20.47,16.97,,15.949310507090606,27.062453711529585,1.9219135489880737
96,22.7,23.4,22.1601,22.6,380269,22.73,20.63,17.2,,15.958113618936778,27.25760708479998,1.8731982954889255
97,22.62,25.55,22.62,24.78,580714,23.24,20.86,17.45,,15.916917863547521,27.752181085356042,1.9501127029540022
98,24.65,26.35,24.58,25.27,516963,23.83,21.2,17.69,,15.816924560618755,28.34295970276236,1.9372475098858593
99,24.74,25.95,24.3772,25.73,815143,24.03,21.48,17.94,,15.835190142114872,28.795949294362632,1.9112155448940125
100,25.74,27.53,25.53,25.81,513304,23.9,21.87,18.17,,15.903152109916558,29.471925150125834,1.9175572916872974
101,24.8,24.98,23.5,23.76,523499,24.07,22.16,18.38,,16.330683641073726,29.550605250145967,1.9455889137096332
102,23.8,24.33,22.3,22.36,475302,24.05,22.37,18.55,,16.82440635025413,29.48056506523443,1.9516182770160877
103,22.16,23.09,22.06,22.35,651574,23.94,22.59,18.7,,17.40733746539821,29.222870033419877,1.8857884000863672
104,22.89,23.62,22.08,22.62,1210968,23.92,22.81,18.81,,18.038553491137893,28.95654304174529,1.8610892286516267
105,22.9,23.75,22.6001,23.25,391000,23.99,23.02,18.96,,18.660043104891486,28.704660998365036,1.8102899980336533
106,23.41,24.47,23.03,23.89,523152,23.89,23.27,19.13,,19.181699742959974,28.41755455456419,1.7838407124598208
107,24.38,25.02,23.06,23.78,1456954,23.73,23.41,19.29,,19.48225594152332,28.42584434378614,1.796423518712691
108,24.0,25.17,24.0,24.78,825920,23.62,23.64,19.51,,19.813875376830367,28.34904450721202,1.7673932673760704
109,25.55,26.59,24.87,25.4,1162194,23.58,23.91,19.73,,20.30495529032582,28.242125007634993,1.7704366054206369
110,25.8,25.8,23.83,24.76,656010,23.69,23.95,19.97,,20.76671466050744,28.321254306500034,1.7846911336048772
111,24.37,24.37,20.46,20.8201,1603884,23.52,23.64,20.13,,20.349562897389823,27.59007066186582,1.9643560526331003
112,20.905,21.1,19.64,20.15,1452802,23.27,23.54,20.28,,19.87391581469341,27.586509456346803,1.9283306203021646
113,18.86,19.2699,18.1,19.16,3078070,22.89,23.37,20.38,,19.121707643958764,28.15626278708008,1.9370212902805812
114,18.74,18.921,17.785,18.35,2610756,22.34,23.12,20.46,,18.26185832707972,28.624887618443665,1.896876912403397
115,18.86,20.1,18.35,19.89,6636864,21.9,22.98,20.57,,17.688635025728573,28.80512904047635,1.886385704374583
116,20.1,20.16,18.65,20.13,1100478,21.49,22.85,20.69,,17.237145769309443,28.931650816198907,1.8595010112049701
117,20.29,22.48,20.285,21.92,2403958,21.18,22.71,20.84,,17.063755334302847,28.74199719820256,1.894536653261758
118,21.95,22.6,20.95,21.0,1740430,20.69,22.5,20.98,,17.0251953514583,28.41033409206577,1.877069749457347
119,20.8,21.22,20.36,20.76,2389936,20.24,22.25,21.11,,16.95001008758167,28.12563394558255,1.8044219102103936
120,20.68,20.98,20.2073,20.37,1335808,20.19,21.98,21.2,,17.044572590401316,27.450662570267163,1.7307274880525085
121,20.39,21.83,20.39,21.58,736684,20.35,21.87,21.33,,17.000680840759806,27.2074187878191,1.711389810334472
122,22.0,22.725,21.03,21.54,1135360,20.62,21.83,21.45,,16.972535229648162,27.064347669998934,1.7102191095962955
123,21.78,23.12,21.55,23.07,1001932,21.14,21.86,21.52,,16.96615282146499,27.066480422880595,1.7009177446251318
124,23.07,23.69,22.7,23.0,879962,21.49,21.88,21.63,,16.955511314780807,27.073288526956176,1.650137905723337
125,23.0,23.15,21.32,22.0,1070914,21.69,21.82,21.69,,16.950537099718332,27.020382987526098,1.66298519817167
126,21.95,23.5,21.95,22.6,656584,21.77,21.75,21.75,,16.980401654478634,26.907522208406064,1.6549148268736935
127,22.6,23.1,21.53,21.57,755041,21.83,21.64,21.78,,17.01503932990926,26.6669735681899,1.6488494820970012
128,21.98,22.48,21.2,21.5,815446,21.91,21.48,21.84,,17.154105672633822,26.338174875952863,1.622503090518644
129,21.9,22.0045,20.8,21.81,1493424,22.07,21.3,21.87,,17.512464201399542,25.575084455954887,1.5926457269101693
130,21.59,21.6,20.2,20.5,1571072,21.95,21.09,21.92,,17.74951009191203,24.904379095508936,1.5938853178451573
131,20.4,20.78,19.56,20.39,2089238,21.83,21.06,21.97,,17.680041101995858,24.529907212538486,1.5671792237133606
132,19.8,20.07,19.23,19.5,1052578,21.43,21.03,22.0,,17.630923590984192,24.56489281220842,1.5380949934481207
133,20.09,20.3,19.3,19.35,1393720,21.02,21.04,22.03,,17.850216135636156,24.466993343653915,1.499659636773255
134,19.59,20.1,19.2,19.35,680230,20.73,21.09,22.05,,18.158216423054597,24.311837684909538,1.4568268055751656
135,19.55,19.61,18.98,19.44,567648,20.38,21.07,22.06,,18.296272518426903,24.36546043459361,1.3977677480340824
136,19.86,21.03,19.6262,20.79,596528,20.29,21.1,22.09,,18.477324413629013,24.32255246380506,1.4114986231745053
137,21.14,21.58,20.8,21.2,235736,20.26,21.07,22.1,,18.502479568437565,24.259781655833436,1.367105864376326
138,21.28,21.6,20.45,20.5,551795,20.11,21.04,22.1,,18.486176378958245,24.179836182832414,1.3515983026351601
139,20.18,20.32,19.87,20.1602,150998,20.08,21.01,22.11,,18.441885749018024,24.20562770350678,1.3000555667326485
140,20.25,20.48,19.76,19.78,412267,20.01,20.98,22.02,,18.396717923760754,24.21931758193341,1.258623026251745
141,19.66,19.8963,19.18,19.53,243675,20.01,20.88,21.87,,18.25708559862183,24.23777162925832,1.2198856672337635
142,19.71,20.68,19.41,20.33,340132,20.12,20.82,21.84,,18.152267690733794,24.103724252120596,1.2234652624313518
143,20.38,20.66,20.0348,20.45,200821,20.24,20.69,21.8,,18.150912350410312,23.88172259441195,1.1807320294005408
144,19.99,21.1,19.75,20.56,389107,20.37,20.57,21.74,,18.338083983015515,23.498360659251407,1.1928225987290737
145,20.61,20.73,19.78,20.58,414572,20.34,20.49,21.7,,18.351516980670194,23.192792791951597,1.1754781273912827
146,20.68,21.79,20.53,21.45,500556,20.37,20.44,21.67,,18.51913241215675,22.812864586945153,1.181515404006191
147,21.29,21.55,20.56,20.84,384158,20.41,20.4,21.59,,18.637638053588745,22.470371021942093,1.1678357322914634
148,20.72,21.46,20.52,21.27,775746,20.53,20.39,21.51,,18.71730379999726,22.2623861527142,1.151561751413502
149,21.55,22.37,21.28,21.99,1124682,20.78,20.4,21.44,,18.645014848799057,22.35117926495182,1.1478787691696806
150,21.56,21.615,19.75,20.25,1502317,20.86,20.39,21.33,,18.628957609195044,22.35348342814609,1.2258874285147034
151,20.69,20.7808,20.02,20.49,496139,20.88,20.39,21.26,,18.659735586371905,22.353511298236732,1.1926668979065103
152,20.32,21.39,20.32,21.03,748813,20.94,20.47,21.24,,18.742989023531248,22.38325093095316,1.1839049766274738
153,21.0,22.0,20.8,21.87,711636,21.09,20.59,21.23,,18.803381655449943,22.50659769509819,1.1850546211540829
154,21.59,21.661,20.71,21.29,559146,21.16,20.69,21.2,,18.908711646086996,22.540226362903624,1.1832650053573628
155,21.36,21.9,20.93,21.67,699345,21.19,20.8,21.17,,19.07694757342123,22.505727919010177,1.1680317906889797
156,21.85,23.58,21.31,21.56,1085606,21.27,20.84,21.12,,19.093368054603967,23.004727661092222,1.2467438056397668
157,21.02,21.53,20.98,21.29,386969,21.27,20.84,21.07,,19.08357407111053,23.00095515486068,1.1991192480940691
158,21.35,21.48,20.13,20.54,517915,21.11,20.85,20.99,,19.067616258081966,22.992062381310834,1.2098964446587785
159,20.02,20.2012,19.55,19.84,649161,21.06,20.83,20.88,,19.020743408644883,23.00255382194678,1.1941895557545799
160,20.09,20.36,19.66,19.75,336933,20.98,20.83,20.78,,19.006427801521937,23.01049357716246,1.15889030177211
161,19.94,20.08,19.65,19.76,431287,20.84,20.84,20.75,,19.09948866750082,22.98811544070313,1.1068267087883878
162,19.95,20.9,19.9,20.83,282814,20.73,20.87,20.77,,19.181206344499266,22.98320507140042,1.109196229589217
163,20.97,21.71,20.86,21.23,944930,20.72,20.9,20.81,,19.204341311846953,23.00854509265669,1.0928250703328446
164,21.19,21.73,20.705,21.35,565796,20.68,20.94,20.87,,19.277995196217926,23.039203039575206,1.0879804224519274
165,21.32,21.4,20.53,21.07,599023,20.63,20.97,20.89,,19.352941207672227,23.037667083622114,1.0724103922767896
166,20.9,21.57,20.73,21.41,720692,20.64,20.97,20.92,,19.35556162520469,23.02040014400147,1.0558096499713046
167,21.41,21.82,20.78,21.61,619491,20.76,21.01,20.91,,19.35725689339307,23.041724111858002,1.0546803892590686
168,21.28,21.5,20.17,20.58,352325,20.84,20.97,20.9,,19.332936160309973,23.04373541290234,1.0822032185977064
169,20.48,21.01,20.3,20.52,211042,20.93,20.9,20.9,,19.35655156743057,22.93022809803322,1.055617274412156
170,20.4,20.5,19.84,20.18,442464,20.98,20.89,20.9,,19.37205442787245,22.923965888026977,1.028787469097002
171,20.29,20.95,20.0,20.34,465013,20.92,20.89,20.87,,19.36947622894648,22.921169345696974,1.0231597927329303
172,20.47,20.97,19.82,20.27,476916,20.81,20.85,20.84,,19.3130438797941,22.909965815445265,1.032219807537721
173,21.0,22.07,20.7,22.0,791030,20.89,20.85,20.82,,19.315751910221522,22.9199460643578,1.0870612498564551
174,22.35,23.165,22.09,23.0,1068781,21.1,20.94,20.82,,19.136043425842267,23.190143342421695,1.092628303438137
175,22.76,23.14,22.11,23.0,579781,21.28,21.01,20.84,,19.005863773630132,23.403262593603227,1.0881548531925558
176,23.2,23.77,22.4435,22.99,1108947,21.43,21.08,20.85,,18.858386990549583,23.457796809544472,1.1051795065359447
177,22.8,23.14,22.33,22.68,735934,21.66,21.15,20.87,,18.753948338617505,23.672072508467053,1.0840952560690917
178,22.48,22.5655,20.72,20.72,1417147,21.69,21.16,20.86,,18.79715984435424,23.771837442203175,1.1466598806355854
179,21.02,22.03,20.91,21.12,485821,21.79,21.22,20.84,,18.936022388125796,23.76068460550146,1.158327032018758
180,21.23,21.34,20.43,20.6307,420454,21.82,21.26,20.85,,19.038330775930675,23.717301099775874,1.140589386874561
181,20.92,21.2129,20.4,20.94,279822,21.9,21.32,20.86,,19.145921286153413,23.627768472483748,1.1171830020978069
182,21.36,21.6694,20.65,20.68,404299,21.75,21.32,20.88,,19.235402071261802,23.615283038380973,1.1101985019479637
183,20.76,20.95,19.92,20.51,575395,21.47,21.28,20.9,,19.1378897595112,23.62361992119648,1.104470037523109
184,20.07,20.59,19.84,20.13,371233,21.16,21.22,20.92,,19.041695683808676,23.649659924674438,1.0791507491286012
185,20.21,20.8,20.2,20.45,326500,20.87,21.19,20.94,,19.010396511229725,23.663009090722948,1.0499256956194156
186,20.56,21.09,20.295,20.86,259984,20.67,21.16,20.94,,18.978184982005565,23.65969467550207,1.0317167173608859
187,21.01,21.01,19.67,20.32,631323,20.63,21.1,20.92,,18.863270089089774,23.64348749759696,1.0537369518351083
188,20.36,20.9,19.96,20.08,439254,20.51,21.07,20.92,,18.838616756665477,23.642681298011983,1.045612883846886
189,20.25,20.48,20.08,20.28,211340,20.47,21.06,20.92,,18.816390128269177,23.66500422391195,0.999497677857823
190,20.25,20.47,19.79,20.23,300375,20.39,21.06,20.93,,18.80920395505668,23.666990560407402,0.9766764151536927
191,20.34,21.12,20.04,21.1,280010,20.44,21.1,20.96,,18.81399458591254,23.665260601815934,0.9840566712141434
192,20.8,21.81,20.1417,21.8,628019,20.58,21.18,20.99,,18.854513187706942,23.685034331480416,1.0329311946988473
193,21.8,21.8,20.84,21.16,423758,20.7,21.13,21.0,,18.85935562363792,23.66375954304576,1.0277218236489298
194,21.18,21.31,20.33,20.8,302984,20.74,21.02,21.01,,18.90314826639541,23.444452033610425,1.0243131219597206
195,20.8,20.99,20.42,20.78,159157,20.73,20.91,21.01,,18.98950728576254,23.197571563650275,0.9918621846768831
196,20.73,21.09,20.44,20.63,165178,20.76,20.8,20.99,,19.216299185040047,22.684735042189324,0.9674434571999629
197,20.5,21.11,20.4,20.51,267344,20.81,20.69,20.99,,19.577923368359624,22.281822671753467,0.9490546388285371
198,20.57,21.06,20.47,20.58,116309,20.84,20.68,20.97,,19.59064262475613,21.99748348540845,0.9234078789122131
199,20.5,20.9299,20.5,20.69,79801,20.89,20.66,20.95,17.78,19.63135308964304,21.836979865010154,0.8881573161327693
200,20.86,22.52,20.54,22.47,796637,21.05,20.75,20.99,17.83,19.62774828387351,22.12919007064396,0.9661460792661429
201,22.38,22.41,20.41,20.43,448344,20.89,20.72,20.99,17.86,19.62770937793734,22.340346681335607,1.0442785021757042
202,20.63,21.37,20.63,21.03,208241,20.88,20.74,20.99,17.9,19.629392413695108,22.307365355714236,1.0368300377345825
203,21.29,21.81,21.0,21.76,311475,20.99,20.8,20.99,17.95,19.617843590037303,22.377275960765687,1.0206278921821124
204,22.0,22.29,21.6,22.14,607499,21.14,20.9,21.01,18.0,19.52535581392024,22.51249162430078,0.9970116141691042
205,22.0,23.0,21.8,22.96,687642,21.4,21.03,21.03,18.06,19.405136137322234,22.811729554794844,1.0115107845855968
206,23.0,23.19,22.25,22.32,359095,21.6,21.1,21.05,18.11,19.242156355153675,23.11338011970751,1.0064028714009114
207,22.5,22.82,21.3,21.3,254376,21.68,21.15,21.05,18.16,19.35550099124021,23.283000333546692,1.0430883805865605
208,21.46,21.46,20.82,20.93,117764,21.7,21.2,21.06,18.21,19.43816161698203,23.2781279271423,1.0142963534018063
209,20.86,20.965,19.97,20.44,315201,21.48,21.2,21.07,18.26,19.420469212040594,23.242137582825176,1.0129180424445345
210,20.5,21.26,20.3,20.42,355490,21.48,21.21,21.08,18.3,19.502646236553385,23.19073801761043,1.009138182269925
211,20.52,21.22,20.52,21.16,185008,21.49,21.22,21.11,18.34,19.56423002513759,23.187892028078483,0.9941997406792159
212,21.18,21.25,19.71,19.74,283208,21.27,21.11,21.09,18.38,19.482251843604065,23.174026543976648,1.0331854734878434
213,19.82,20.11,19.38,20.045,515346,21.04,21.06,21.06,18.43,19.27514975942863,23.248090911214177,1.0115293682387119
214,20.0,21.075,20.0,20.605,463792,20.77,21.05,21.05,18.48,19.235111031287634,23.248660297547612,1.0160629847930895
215,20.73,21.31,20.32,21.3,421979,20.66,21.07,21.05,18.53,19.226316430400026,23.246022762043843,1.0142013430221544
216,21.16,22.18,21.01,22.16,390398,20.76,21.15,21.07,18.59,19.246841771040327,23.29985606086978,1.025329818520572
217,21.94,22.38,21.7,22.35,485596,20.91,21.24,21.08,18.64,19.241086166378636,23.370912476356665,1.0006634029119597
218,22.08,22.59,21.425,21.59,269812,21.04,21.29,21.1,18.7,19.2601124409173,23.45842152270522,1.012401731275391
219,21.6,22.38,21.38,22.24,464074,21.24,21.37,21.14,18.76,19.284620857093795,23.49574288169541,1.0115158933271489
220,22.23,23.21,22.0,22.44,2946080,21.39,21.37,21.18,18.82,19.27290194046962,23.615041786051783,1.0256933295180668
221,22.63,24.95,22.28,22.32,918573,21.67,21.46,21.22,18.88,19.265932382505675,24.212248973577804,1.143143805981062
222,22.335,22.335,20.78,21.52,509597,21.84,21.49,21.25,18.93,19.2784161120206,24.24051223657782,1.172562105553843
223,21.8,22.79,21.739,22.5,766753,22.05,21.52,21.26,18.99,19.28147393363738,24.307300908140416,1.17952195515714
224,22.5,22.86,20.87,21.51,1003413,22.07,21.49,21.23,19.05,19.266307818178472,24.359050582060945,1.237413244074487
225,21.59,22.184,21.03,21.83,372828,22.03,21.44,21.2,19.11,19.27161345525626,24.283046633025517,1.2314551552120236
226,21.75,22.75,21.55,22.32,1589488,22.03,21.44,21.19,19.17,19.325433446142597,24.224010522969127,1.2292083584111648
227,23.0,23.77,21.89,22.28,822057,22.11,21.49,21.18,19.24,19.302611748491096,24.378909678883577,1.27569347566751
228,22.33,22.69,21.4124,21.72,306911,22.05,21.52,21.2,19.3,19.31945988865109,24.427912371071493,1.2758296559769737
229,21.5,21.5,20.5,20.73,405378,21.86,21.54,21.19,19.35,19.39708999598675,24.403535979774787,1.2718418234071898
230,20.68,20.96,20.57,20.69,266378,21.68,21.55,21.2,19.41,19.43075927825384,24.42104644951913,1.2088531217352476
231,20.65,21.0,20.23,20.54,426533,21.57,21.52,21.19,19.46,19.39232911704192,24.433313631622337,1.1775064701827298
232,20.95,21.88,20.81,21.78,254657,21.49,21.62,21.21,19.52,19.56109023351492,24.424748248702137,1.1891131508839634
233,21.8,22.66,21.65,22.1,322047,21.55,21.73,21.24,19.58,19.87716144797777,24.311359341427668,1.1763193543922519
234,21.61,21.94,20.78,20.81,807610,21.44,21.74,21.26,19.63,20.021416741989338,24.269435646587194,1.1865822576499483
235,20.91,21.57,20.0,20.12,461230,21.2,21.68,21.25,19.68,19.94786300068613,24.25319138234284,1.2139692392463806
236,19.7,20.5899,19.35,20.39,1179787,20.99,21.59,21.24,19.74,19.617754195127766,24.34949904398021,1.2158214364430677
237,19.74,20.87,19.5,20.25,812171,20.82,21.48,21.24,19.79,19.37522726974308,24.380318573579284,1.2268341909828486
238,20.08,20.7,19.84,20.62,580653,20.81,21.44,21.25,19.85,19.232004917605856,24.39297530007902,1.200631748769788
239,20.6,21.0,19.94,20.25,704888,20.76,21.34,21.25,19.9,19.12207596561873,24.38290256370534,1.1905866238576601
240,20.15,20.81,19.87,19.93,1117168,20.69,21.21,21.24,19.95,19.055863299793653,24.271877470112518,1.1726875792963984
241,20.34,20.37,19.41,19.98,692748,20.49,21.09,21.22,20.0,18.98135760655249,23.683148917689355,1.157495609346656
242,20.04,20.68,19.92,20.17,1011176,20.28,21.03,21.19,20.05,18.9143285251183,23.63856072845652,1.1291030658218946
243,20.04,20.2,19.33,20.01,698147,20.19,20.9,21.16,20.1,18.81004308403768,23.541878197653347,1.1105957039774736
244,19.45,19.98,19.31,19.92,291560,20.17,20.82,21.15,20.15,18.673313239156283,23.415205644093174,1.0812674394076545
245,19.91,20.26,19.85,19.97,435041,20.12,20.73,21.13,20.2,18.632979492588714,23.34604776315911,1.0333197651642507
246,19.59,19.8,19.22,19.36,391159,20.02,20.58,21.1,20.24,18.5639479467855,23.186391062803548,1.0130826390810899
247,18.79,19.99,17.76,19.91,725579,19.94,20.46,21.09,20.28,18.2318867527743,22.647679295249944,1.1000053077181546
248,19.28,19.85,19.05,19.19,601370,19.83,20.34,21.06,20.31,18.210628588452117,22.368541820825698,1.082862071452572
249,19.29,19.4399,18.27,18.4,290273,19.66,20.22,21.02,20.34,17.986965696364052,22.350343887640832,1.089079066348817
250,18.0,18.67,17.36,18.23,575982,19.46,20.1,20.93,20.36,17.57796140410217,22.47263678128866,1.1048591330381874
251,18.53,19.32,18.53,19.1,260942,19.34,20.02,20.91,20.39,17.466224998527238,22.465225393366648,1.1037977663926026
252,18.88,19.37,18.43,18.48,170897,19.17,19.86,20.86,20.41,17.39539371268236,22.295902018006146,1.0920979259359882
253,18.39,18.52,17.37,17.5,260509,18.9,19.63,20.77,20.42,17.298341261325515,21.950254529474087,1.0962337883691318
254,17.26,17.3,15.94,16.31,475518,18.5,19.4,20.65,20.42,16.717540463147255,21.958315987127943,1.1293599463427653
255,16.54,17.0,15.57,16.84,740996,18.22,19.24,20.53,20.42,16.099793006297972,21.986097291851088,1.1508342358897106
256,16.38,16.76,15.1,15.42,472982,17.72,18.99,20.39,20.42,15.4540016074867,22.117353983576002,1.1929175047547314
257,15.85,16.72,15.686,16.68,293683,17.44,18.81,20.3,20.43,15.06034151806234,22.120510361987495,1.2005662544151077
258,16.7,17.21,16.2,16.29,448351,17.21,18.6,20.21,20.44,14.836632290048545,22.022753343484553,1.186954379099743
259,16.87,17.72,16.64,17.47,262254,17.12,18.46,20.15,20.45,14.728809202346575,21.79045966232714,1.2043147805926184
260,17.02,17.3,16.69,17.04,188357,16.89,18.31,20.08,20.48,14.658297539451521,21.57651510532343,1.1740065819788599
261,17.04,17.42,16.74,16.95,208982,16.72,18.16,20.0,20.5,14.590260098019481,21.395941639393754,1.1387203975517985
262,17.01,17.22,16.45,16.64,241383,16.63,17.99,19.94,20.52,14.569509174807601,21.124498553311525,1.1123832262980986
263,16.29,16.88,15.94,16.64,372747,16.66,17.82,19.87,20.53,14.460817466355214,20.926176317906723,1.1000701387053773
264,16.3,16.495,15.9,15.92,235544,16.56,17.62,19.77,20.54,14.38919009939221,20.755287034266505,1.0743508430835647
265,15.92,16.19,15.62,15.74,399455,16.6,17.41,19.66,20.54,14.41709976437389,20.496846134789614,1.0383257828633101
266,16.1,16.36,15.69,15.835,395829,16.5,17.23,19.54,20.55,14.431719408018772,20.26500343389207,1.0120167983730737
267,15.88,15.97,15.23,15.32,174347,16.4,17.0,19.4,20.56,14.262238610682664,19.961570304117174,0.9925870270607112
268,15.3,15.53,14.86,14.96,602967,16.12,16.79,19.26,20.56,14.223296582859872,19.662879361959465,0.9695450965563747
269,14.63,15.14,14.52,14.82,481629,15.87,16.61,19.11,20.56,14.064112131232836,19.436922268510227,0.9445775896594909
270,14.84,15.46,14.65,15.09,451279,15.66,16.45,18.97,20.56,13.889191866130867,19.279233646146537,0.9349649046838131
271,14.84,14.84,13.69,13.93,695802,15.36,16.19,18.8,20.56,13.714591141159625,18.972097250784824,0.9681816972063979
272,13.97,14.56,13.61,14.5,367018,15.12,15.99,18.66,20.55,13.618858081095311,18.58162071255765,0.9668830045487982
273,14.74,14.9791,14.51,14.79,288372,15.0,15.86,18.51,20.53,13.603248713591631,18.289324163142776,0.9320413613667412
274,15.21,15.81,15.1317,15.39,337480,14.96,15.81,18.38,20.52,13.571484033916827,18.17562714982085,0.9383241212691169
275,15.45,15.45,14.66,14.76,242068,14.84,15.71,18.24,20.49,13.496839877127975,18.100611472462386,0.9277295411784657
276,14.66,15.87,14.57,15.68,206363,14.88,15.72,18.11,20.47,13.439265503848352,18.042597366926667,0.9543202882371467
277,15.76,15.76,15.0,15.43,314271,14.93,15.66,17.97,20.45,13.405779601611503,17.983012800366478,0.9404402676487791
278,15.58,15.95,15.42,15.75,110914,15.04,15.63,17.85,20.44,13.411546883327139,17.847396179151016,0.9111231056738662
279,15.64,15.7,15.15,15.54,291525,15.09,15.54,17.75,20.41,13.450915074364108,17.56886367958691,0.8889000266971615
280,15.45,15.45,15.02,15.11,159193,15.22,15.44,17.64,20.4,13.513082062111339,17.3576674423566,0.8625500247902215
>>>>>>> 200SMA_doubleAgent
